testing null vector assignment... 0 0 0
testing manual vector assignment... 69 420 3.14
-0.717741727697543 -0.352531029541293 -0.561031513643
0.379669173331777 0.270125691439084 -0.663791842602096
-0.655644956815822 -0.135503735922046 0.723601155785658
-0.862913935381413 0.85804865316397 -0.789051793417452
-0.216712535925541 -0.920131765268804 0.113576381985832
0.483561415916105 -0.532701883247449 0.911535198759071
0.0394148673114436 0.231027256339335 0.314869804920102
0.925718270207624 -0.268597978757973 -0.679951423630096
-0.00242422008999821 -0.378531145573841 0.230139304525284
