-3.9 0.491905820724084
-3.775 0.281249740461215
-3.65 0.245441182106669
-3.525 0.261657576694362
-3.4 0.325891163762024
-3.275 0.482379582478406
-3.15 0.952260044106386
-3.025 6.46664134881638
-2.9 -1.91843270082393
-2.775 -1.06171777024109
-2.65 -0.895860314689343
-2.525 -0.922342957847626
-2.4 -1.10802995679088
-2.275 -1.57979313261678
-2.15 -2.99961913893511
-2.025 -19.5615900801697
-1.9 5.5634548323894
-1.775 2.94626681241902
-1.65 2.37402983392676
-1.525 2.32891596856525
-1.4 2.65927189629812
-1.275 3.59402937670317
-1.15 6.44918114871049
-1.025 39.6122199123436
-0.9 -10.5705641815398
-0.775 -5.22962359204375
-0.65 -3.91714922597915
-0.525 -3.55159685206201
-0.4 -3.72298065481736
-0.275 -4.58238745529654
-0.15 -7.41655832101706
-0.0249999999999999 -40.6025254101521
0.1 9.51350760020596
0.225 4.05295821526885
0.35 2.54614695418689
0.475 1.86458831617536
0.6 1.48919223700414
0.725 1.26015652897542
0.85 1.11248372918729
0.975 1.01506311765591
1.1 0.951350760020597
1.225 0.911915598435492
1.35 0.891151433965412
1.475 0.885679450183296
1.6 0.893515342202484
1.725 0.913613483507183
1.85 0.945611169809197
1.975 0.98968653971451
2.1 1.04648583602266
2.225 1.11709660808348
2.35 1.20305443585331
2.475 1.30637718902036
2.6 1.42962454752397
2.725 1.57598325904989
2.85 1.74938066414701
2.975 1.95463091593616
3.1 2.19762025564758
3.225 2.48553995298574
3.35 2.82717792425527
3.475 3.2332835428254
3.6 3.71702382356233
3.725 4.29455438091095
3.85 4.98573489281899
3.975 5.81502697491007
4.1 6.8126227925075
