0.1 2.25271264138442
0.225 1.39944703801219
0.35 0.934581218103001
0.475 0.623040286731552
0.6 0.39823385013965
0.725 0.231235942593136
0.85 0.10659510950168
0.975 0.0149507954430194
1.1 -0.0498724516096251
1.225 -0.0922078387655307
1.35 -0.115240906395676
1.475 -0.121400188215944
1.6 -0.112591773626341
1.725 -0.0903476815343266
1.85 -0.0559238199960952
1.975 -0.0103670125412705
2.1 0.0454377281946998
2.225 0.11073300523116
2.35 0.184863686054662
2.475 0.267257801575839
2.6 0.357411855619395
2.725 0.454879368948996
2.85 0.559261819094138
2.975 0.670201385811815
3.1 0.787375072924077
3.225 0.910489920849363
3.35 1.03927901421073
3.475 1.17349819759649
3.6 1.31292330064683
3.725 1.4573477970642
3.85 1.6065808133747
3.975 1.76044542480941
4.1 1.91877718441518
