acc,eps,E0
0.0001,0.0001,-0.501840021554737
0.0001,0.000125892541179417,-0.501838785455342
0.0001,0.000158489319246111,-0.501837674163347
0.0001,0.000199526231496888,-0.501836499196003
0.0001,0.000251188643150958,-0.501835254663638
0.0001,0.000316227766016838,-0.501833865463481
0.0001,0.000398107170553497,-0.50183220613523
0.0001,0.000501187233627273,-0.5018302590361
0.0001,0.000630957344480193,-0.501826172514431
0.0001,0.000794328234724281,-0.501822143834752
0.0001,0.001,-0.501817807871537
0.0001,0.00125892541179417,-0.50181261752012
0.0001,0.00158489319246111,-0.501806173419679
0.0001,0.00199526231496888,-0.501795710511367
0.0001,0.00251188643150958,-0.501784400690687
0.0001,0.00316227766016838,-0.501771750482607
0.0001,0.00398107170553497,-0.501759422473491
0.0001,0.00501187233627272,-0.50174540692101
0.0001,0.00630957344480193,-0.501726099703365
0.0001,0.00794328234724281,-0.501701222969625
0.0001,0.01,-0.501670765515524
0.0001,0.0125892541179417,-0.501633499956535
0.0001,0.0158489319246111,-0.501588860457472
0.0001,0.0199526231496888,-0.501544556437234
0.0001,0.0251188643150958,-0.501513079993967
0.0001,0.0316227766016838,-0.501474160682909
0.0001,0.0398107170553497,-0.501425695216494
0.0001,0.0501187233627272,-0.501360402746824
0.0001,0.0630957344480193,-0.501283719258016
0.0001,0.0794328234724281,-0.501310621380062
0.0001,0.1,-0.501348183821818
0.0001,0.125892541179417,-0.501378280926065
0.0001,0.158489319246111,-0.501378759348868
0.0001,0.199526231496888,-0.50137606472564
0.0001,0.251188643150958,-0.501376994847335
0.0001,0.316227766016838,-0.501376120236588
0.0001,0.398107170553497,-0.501374299675032
0.0001,0.501187233627272,-0.501374016991314
0.0001,0.630957344480193,-0.501378302235567
0.0001,0.794328234724281,-0.501387319837581
0.0001,1,-0.501396333203874

0.000125892541179417,0.0001,-0.50183772540014
0.000125892541179417,0.000125892541179417,-0.501836961999245
0.000125892541179417,0.000158489319246111,-0.501836118688673
0.000125892541179417,0.000199526231496888,-0.501835196717607
0.000125892541179417,0.000251188643150958,-0.501834127292289
0.000125892541179417,0.000316227766016838,-0.501832810589022
0.000125892541179417,0.000398107170553497,-0.50183125692272
0.000125892541179417,0.000501187233627273,-0.501828345339846
0.000125892541179417,0.000630957344480193,-0.501824788436005
0.000125892541179417,0.000794328234724281,-0.501820958629964
0.000125892541179417,0.001,-0.501816746221429
0.000125892541179417,0.00125892541179417,-0.501811575637246
0.000125892541179417,0.00158489319246111,-0.501805217129493
0.000125892541179417,0.00199526231496888,-0.501794501336229
0.000125892541179417,0.00251188643150958,-0.501783350496902
0.000125892541179417,0.00316227766016838,-0.501770758432901
0.000125892541179417,0.00398107170553497,-0.50175865100144
0.000125892541179417,0.00501187233627272,-0.501744659400458
0.000125892541179417,0.00630957344480193,-0.501725368386352
0.000125892541179417,0.00794328234724281,-0.501700433672882
0.000125892541179417,0.01,-0.501669954191138
0.000125892541179417,0.0125892541179417,-0.501632692269828
0.000125892541179417,0.0158489319246111,-0.501588095274545
0.000125892541179417,0.0199526231496888,-0.501544209139507
0.000125892541179417,0.0251188643150958,-0.501512741327306
0.000125892541179417,0.0316227766016838,-0.50147382315599
0.000125892541179417,0.0398107170553497,-0.501425361477604
0.000125892541179417,0.0501187233627272,-0.501360183326754
0.000125892541179417,0.0630957344480193,-0.501283994629081
0.000125892541179417,0.0794328234724281,-0.501310886935408
0.000125892541179417,0.1,-0.501348431439228
0.000125892541179417,0.125892541179417,-0.501378359767663
0.000125892541179417,0.158489319246111,-0.50137875593613
0.000125892541179417,0.199526231496888,-0.5013760800838
0.000125892541179417,0.251188643150958,-0.501377055477518
0.000125892541179417,0.316227766016838,-0.501376163394185
0.000125892541179417,0.398107170553497,-0.501374352778277
0.000125892541179417,0.501187233627272,-0.501374074079097
0.000125892541179417,0.630957344480193,-0.501378365139131
0.000125892541179417,0.794328234724281,-0.501387363873247
0.000125892541179417,1,-0.501396334598267

0.000158489319246111,0.0001,-0.501835859844368
0.000158489319246111,0.000125892541179417,-0.501835307950865
0.000158489319246111,0.000158489319246111,-0.501834639605514
0.000158489319246111,0.000199526231496888,-0.501833820360944
0.000158489319246111,0.000251188643150958,-0.50183282156399
0.000158489319246111,0.000316227766016838,-0.501831637256293
0.000158489319246111,0.000398107170553497,-0.50182952116862
0.000158489319246111,0.000501187233627273,-0.501826378834961
0.000158489319246111,0.000630957344480193,-0.501823090339069
0.000158489319246111,0.000794328234724281,-0.50181952217115
0.000158489319246111,0.001,-0.501815400309136
0.000158489319246111,0.00125892541179417,-0.501810295043409
0.000158489319246111,0.00158489319246111,-0.501802951304894
0.000158489319246111,0.00199526231496888,-0.501793029810886
0.000158489319246111,0.00251188643150958,-0.501781946471167
0.000158489319246111,0.00316227766016838,-0.50176955315237
0.000158489319246111,0.00398107170553497,-0.50175768671982
0.000158489319246111,0.00501187233627272,-0.501743784090039
0.000158489319246111,0.00630957344480193,-0.501724402648001
0.000158489319246111,0.00794328234724281,-0.501699437019721
0.000158489319246111,0.01,-0.501668932054344
0.000158489319246111,0.0125892541179417,-0.501631675502399
0.000158489319246111,0.0158489319246111,-0.5015871344686
0.000158489319246111,0.0199526231496888,-0.501543775300062
0.000158489319246111,0.0251188643150958,-0.501512315625202
0.000158489319246111,0.0316227766016838,-0.501473409560172
0.000158489319246111,0.0398107170553497,-0.501424929890369
0.000158489319246111,0.0501187233627272,-0.501359894518963
0.000158489319246111,0.0630957344480193,-0.501284341048222
0.000158489319246111,0.0794328234724281,-0.501311221055231
0.000158489319246111,0.1,-0.501348743381835
0.000158489319246111,0.125892541179417,-0.501378459030326
0.000158489319246111,0.158489319246111,-0.501378752704164
0.000158489319246111,0.199526231496888,-0.501376100063898
0.000158489319246111,0.251188643150958,-0.501377132416579
0.000158489319246111,0.316227766016838,-0.501376220182738
0.000158489319246111,0.398107170553497,-0.501374419905286
0.000158489319246111,0.501187233627272,-0.501374146351024
0.000158489319246111,0.630957344480193,-0.501378444283779
0.000158489319246111,0.794328234724281,-0.501387421144179
0.000158489319246111,1,-0.501396336474259

0.000199526231496888,0.0001,-0.501834132906804
0.000199526231496888,0.000125892541179417,-0.501833646064512
0.000199526231496888,0.000158489319246111,-0.501833048959743
0.000199526231496888,0.000199526231496888,-0.501832330161233
0.000199526231496888,0.000251188643150958,-0.501831564361973
0.000199526231496888,0.000316227766016838,-0.501829328245536
0.000199526231496888,0.000398107170553497,-0.501826793448228
0.000199526231496888,0.000501187233627273,-0.501824061107201
0.000199526231496888,0.000630957344480193,-0.501821094625603
0.000199526231496888,0.000794328234724281,-0.501817794159476
0.000199526231496888,0.001,-0.501813751790568
0.000199526231496888,0.00125892541179417,-0.501808730668148
0.000199526231496888,0.00158489319246111,-0.501800932815852
0.000199526231496888,0.00199526231496888,-0.501791156694158
0.000199526231496888,0.00251188643150958,-0.50178026473669
0.000199526231496888,0.00316227766016838,-0.501767994436708
0.000199526231496888,0.00398107170553497,-0.501756479956723
0.000199526231496888,0.00501187233627272,-0.501742601737932
0.000199526231496888,0.00630957344480193,-0.501723177329306
0.000199526231496888,0.00794328234724281,-0.501698178108533
0.000199526231496888,0.01,-0.501667642965739
0.000199526231496888,0.0125892541179417,-0.501630395293221
0.000199526231496888,0.0158489319246111,-0.501585928565475
0.000199526231496888,0.0199526231496888,-0.50154323268799
0.000199526231496888,0.0251188643150958,-0.501511800669918
0.000199526231496888,0.0316227766016838,-0.501472869391043
0.000199526231496888,0.0398107170553497,-0.501424386861106
0.000199526231496888,0.0501187233627272,-0.501359525309475
0.000199526231496888,0.0630957344480193,-0.501284776684049
0.000199526231496888,0.0794328234724281,-0.501311641334599
0.000199526231496888,0.1,-0.50134913638128
0.000199526231496888,0.125892541179417,-0.501378583991024
0.000199526231496888,0.158489319246111,-0.501378750295195
0.000199526231496888,0.199526231496888,-0.501376126162625
0.000199526231496888,0.251188643150958,-0.501377230099734
0.000199526231496888,0.316227766016838,-0.501376294948073
0.000199526231496888,0.398107170553497,-0.501374504829866
0.000199526231496888,0.501187233627272,-0.501374237941833
0.000199526231496888,0.630957344480193,-0.501378543844591
0.000199526231496888,0.794328234724281,-0.501387495717271
0.000199526231496888,1,-0.501396339027464

0.000251188643150958,0.0001,-0.501832400354192
0.000251188643150958,0.000125892541179417,-0.501832063490723
0.000251188643150958,0.000158489319246111,-0.501831569487314
0.000251188643150958,0.000199526231496888,-0.501829468659337
0.000251188643150958,0.000251188643150958,-0.501827793601679
0.000251188643150958,0.000316227766016838,-0.50182591687713
0.000251188643150958,0.000398107170553497,-0.501823810411829
0.000251188643150958,0.000501187233627273,-0.501821484909002
0.000251188643150958,0.000630957344480193,-0.501818886631839
0.000251188643150958,0.000794328234724281,-0.501815704736558
0.000251188643150958,0.001,-0.501811767187581
0.000251188643150958,0.00125892541179417,-0.501806931715788
0.000251188643150958,0.00158489319246111,-0.501798256658677
0.000251188643150958,0.00199526231496888,-0.50178874731235
0.000251188643150958,0.00251188643150958,-0.501778126358671
0.000251188643150958,0.00316227766016838,-0.501766148766947
0.000251188643150958,0.00398107170553497,-0.501755027064341
0.000251188643150958,0.00501187233627272,-0.501741122529925
0.000251188643150958,0.00630957344480193,-0.501721615539988
0.000251188643150958,0.00794328234724281,-0.50169657592879
0.000251188643150958,0.01,-0.501666015716277
0.000251188643150958,0.0125892541179417,-0.501628783332053
0.000251188643150958,0.0158489319246111,-0.501584437490664
0.000251188643150958,0.0199526231496888,-0.501542586600387
0.000251188643150958,0.0251188643150958,-0.501511118825362
0.000251188643150958,0.0316227766016838,-0.501472189727535
0.000251188643150958,0.0398107170553497,-0.501423703694474
0.000251188643150958,0.0501187233627272,-0.501359053425691
0.000251188643150958,0.0630957344480193,-0.501285324228844
0.000251188643150958,0.0794328234724281,-0.501312169803957
0.000251188643150958,0.1,-0.501349631559677
0.000251188643150958,0.125892541179417,-0.501378741305033
0.000251188643150958,0.158489319246111,-0.50137874988438
0.000251188643150958,0.199526231496888,-0.501377854621376
0.000251188643150958,0.251188643150958,-0.501377354144669
0.000251188643150958,0.316227766016838,-0.501376393285764
0.000251188643150958,0.398107170553497,-0.501374612361775
0.000251188643150958,0.501187233627272,-0.501374354149208
0.000251188643150958,0.630957344480193,-0.501378669052451
0.000251188643150958,0.794328234724281,-0.50138759283467
0.000251188643150958,1,-0.501396342542487

0.000316227766016838,0.0001,-0.501828034818695
0.000316227766016838,0.000125892541179417,-0.501827244687049
0.000316227766016838,0.000158489319246111,-0.50182630735227
0.000316227766016838,0.000199526231496888,-0.501825196565717
0.000316227766016838,0.000251188643150958,-0.501823898756977
0.000316227766016838,0.000316227766016838,-0.501822418392186
0.000316227766016838,0.000398107170553497,-0.501820749592137
0.000316227766016838,0.000501187233627273,-0.501818755773701
0.000316227766016838,0.000630957344480193,-0.50181627516373
0.000316227766016838,0.000794328234724281,-0.501813177709163
0.000316227766016838,0.001,-0.501809311449055
0.000316227766016838,0.00125892541179417,-0.501803221289027
0.000316227766016838,0.00158489319246111,-0.501794956843427
0.000316227766016838,0.00199526231496888,-0.501785766474864
0.000316227766016838,0.00251188643150958,-0.501775541194663
0.000316227766016838,0.00316227766016838,-0.501764243422929
0.000316227766016838,0.00398107170553497,-0.501753129459808
0.000316227766016838,0.00501187233627272,-0.501739280430775
0.000316227766016838,0.00630957344480193,-0.501719708006155
0.000316227766016838,0.00794328234724281,-0.501694614660423
0.000316227766016838,0.01,-0.501663960240959
0.000316227766016838,0.0125892541179417,-0.501626754090695
0.000316227766016838,0.0158489319246111,-0.501582507563887
0.000316227766016838,0.0199526231496888,-0.50154171988098
0.000316227766016838,0.0251188643150958,-0.501510261224227
0.000316227766016838,0.0316227766016838,-0.501471334531524
0.000316227766016838,0.0398107170553497,-0.501422837305929
0.000316227766016838,0.0501187233627272,-0.501361078292873
0.000316227766016838,0.0630957344480193,-0.50128601194218
0.000316227766016838,0.0794328234724281,-0.501312833999065
0.000316227766016838,0.1,-0.501350255497724
0.000316227766016838,0.125892541179417,-0.501378939330013
0.000316227766016838,0.158489319246111,-0.501378753409467
0.000316227766016838,0.199526231496888,-0.501378029161213
0.000316227766016838,0.251188643150958,-0.501377511639516
0.000316227766016838,0.316227766016838,-0.501376522302978
0.000316227766016838,0.398107170553497,-0.501374748640989
0.000316227766016838,0.501187233627272,-0.501374501768787
0.000316227766016838,0.630957344480193,-0.501378826450462
0.000316227766016838,0.794328234724281,-0.501387719187139
0.000316227766016838,1,-0.501396347434955

0.000398107170553497,0.0001,-0.501823210225727
0.000398107170553497,0.000125892541179417,-0.50182265702555
0.000398107170553497,0.000158489319246111,-0.501821997121111
0.000398107170553497,0.000199526231496888,-0.501821202070692
0.000398107170553497,0.000251188643150958,-0.501820224911417
0.000398107170553497,0.000316227766016838,-0.501819016006254
0.000398107170553497,0.000398107170553497,-0.501817471107027
0.000398107170553497,0.000501187233627273,-0.501815538382213
0.000398107170553497,0.000630957344480193,-0.501813122961825
0.000398107170553497,0.000794328234724281,-0.501810262613129
0.000398107170553497,0.001,-0.501806450069551
0.000398107170553497,0.00125892541179417,-0.501798710728793
0.000398107170553497,0.00158489319246111,-0.501790919817763
0.000398107170553497,0.00199526231496888,-0.50178214779967
0.000398107170553497,0.00251188643150958,-0.501772426897384
0.000398107170553497,0.00316227766016838,-0.501761789209086
0.000398107170553497,0.00398107170553497,-0.501750770027517
0.000398107170553497,0.00501187233627272,-0.501736947952181
0.000398107170553497,0.00630957344480193,-0.501717115531741
0.000398107170553497,0.00794328234724281,-0.501691998030299
0.000398107170553497,0.01,-0.50166140812984
0.000398107170553497,0.0125892541179417,-0.501624393265022
0.000398107170553497,0.0158489319246111,-0.501580152285529
0.000398107170553497,0.0199526231496888,-0.501540631505976
0.000398107170553497,0.0251188643150958,-0.50150918219063
0.000398107170553497,0.0316227766016838,-0.501470258496363
0.000398107170553497,0.0398107170553497,-0.501421738712354
0.000398107170553497,0.0501187233627272,-0.501359918059016
0.000398107170553497,0.0630957344480193,-0.501286874898769
0.000398107170553497,0.0794328234724281,-0.501313668260439
0.000398107170553497,0.1,-0.501351041695276
0.000398107170553497,0.125892541179417,-0.501379188555631
0.000398107170553497,0.158489319246111,-0.501378764006532
0.000398107170553497,0.199526231496888,-0.50137824919543
0.000398107170553497,0.251188643150958,-0.501377711484206
0.000398107170553497,0.316227766016838,-0.501376690913336
0.000398107170553497,0.398107170553497,-0.501374921495909
0.000398107170553497,0.501187233627272,-0.501374689517627
0.000398107170553497,0.630957344480193,-0.501379024207047
0.000398107170553497,0.794328234724281,-0.501387883215896
0.000398107170553497,1,-0.501396354324895

0.000501187233627273,0.0001,-0.501818960292378
0.000501187233627273,0.000125892541179417,-0.501818488538928
0.000501187233627273,0.000158489319246111,-0.501817894345573
0.000501187233627273,0.000199526231496888,-0.501817148663182
0.000501187233627273,0.000251188643150958,-0.501816211240369
0.000501187233627273,0.000316227766016838,-0.501815034171208
0.000501187233627273,0.000398107170553497,-0.501813559202353
0.000501187233627273,0.000501187233627273,-0.501811718038791
0.000501187233627273,0.000630957344480193,-0.501809454273281
0.000501187233627273,0.000794328234724281,-0.501806609417236
0.000501187233627273,0.001,-0.501799735081694
0.000501187233627273,0.00125892541179417,-0.501793340458081
0.000501187233627273,0.00158489319246111,-0.501786086075815
0.000501187233627273,0.00199526231496888,-0.501777944554889
0.000501187233627273,0.00251188643150958,-0.50176854633532
0.000501187233627273,0.00316227766016838,-0.501758762068297
0.000501187233627273,0.00398107170553497,-0.501747819437838
0.000501187233627273,0.00501187233627272,-0.501734086023577
0.000501187233627273,0.00630957344480193,-0.501713825941542
0.000501187233627273,0.00794328234724281,-0.501688672216951
0.000501187233627273,0.01,-0.5016580590176
0.000501187233627273,0.0125892541179417,-0.501620933272209
0.000501187233627273,0.0158489319246111,-0.501577106679473
0.000501187233627273,0.0199526231496888,-0.50153926321834
0.000501187233627273,0.0251188643150958,-0.501507824160872
0.000501187233627273,0.0316227766016838,-0.501468900369125
0.000501187233627273,0.0398107170553497,-0.501420356558698
0.000501187233627273,0.0501187233627272,-0.501358465832337
0.000501187233627273,0.0630957344480193,-0.50128795760195
0.000501187233627273,0.0794328234724281,-0.501314716097724
0.000501187233627273,0.1,-0.501352032300587
0.000501187233627273,0.125892541179417,-0.501379502121879
0.000501187233627273,0.158489319246111,-0.501378786697345
0.000501187233627273,0.199526231496888,-0.501378526397044
0.000501187233627273,0.251188643150958,-0.501377964802348
0.000501187233627273,0.316227766016838,-0.501376910159892
0.000501187233627273,0.398107170553497,-0.501375140897205
0.000501187233627273,0.501187233627272,-0.501374928560865
0.000501187233627273,0.630957344480193,-0.5013792724806
0.000501187233627273,0.794328234724281,-0.501388095473356
0.000501187233627273,1,-0.501396364133527

0.000630957344480193,0.0001,-0.501814160062165
0.000630957344480193,0.000125892541179417,-0.501813713640746
0.000630957344480193,0.000158489319246111,-0.501813347778674
0.000630957344480193,0.000199526231496888,-0.501812571123045
0.000630957344480193,0.000251188643150958,-0.501811620309387
0.000630957344480193,0.000316227766016838,-0.501810460466239
0.000630957344480193,0.000398107170553497,-0.501809065309345
0.000630957344480193,0.000501187233627273,-0.501807410539686
0.000630957344480193,0.000630957344480193,-0.501802195918816
0.000630957344480193,0.000794328234724281,-0.501797866683357
0.000630957344480193,0.001,-0.501792837539922
0.000630957344480193,0.00125892541179417,-0.501786999169684
0.000630957344480193,0.00158489319246111,-0.501780440617032
0.000630957344480193,0.00199526231496888,-0.501772956940488
0.000630957344480193,0.00251188643150958,-0.501763811825689
0.000630957344480193,0.00316227766016838,-0.501755007588752
0.000630957344480193,0.00398107170553497,-0.501744134606756
0.000630957344480193,0.00501187233627272,-0.501730355740067
0.000630957344480193,0.00630957344480193,-0.501709541528178
0.000630957344480193,0.00794328234724281,-0.501684410933375
0.000630957344480193,0.01,-0.501653834619727
0.000630957344480193,0.0125892541179417,-0.501616908749566
0.000630957344480193,0.0158489319246111,-0.501573301937863
0.000630957344480193,0.0199526231496888,-0.501537541390181
0.000630957344480193,0.0251188643150958,-0.50150611474936
0.000630957344480193,0.0316227766016838,-0.501467162803405
0.000630957344480193,0.0398107170553497,-0.501418616340765
0.000630957344480193,0.0501187233627272,-0.501356647917379
0.000630957344480193,0.0630957344480193,-0.50128931000798
0.000630957344480193,0.0794328234724281,-0.501316029125406
0.000630957344480193,0.1,-0.501353280330426
0.000630957344480193,0.125892541179417,-0.501379337850957
0.000630957344480193,0.158489319246111,-0.501378829303708
0.000630957344480193,0.199526231496888,-0.50137887529874
0.000630957344480193,0.251188643150958,-0.501378285432814
0.000630957344480193,0.316227766016838,-0.501377193613786
0.000630957344480193,0.398107170553497,-0.501375419498697
0.000630957344480193,0.501187233627272,-0.501375130321527
0.000630957344480193,0.630957344480193,-0.501379583850817
0.000630957344480193,0.794328234724281,-0.501388369034713
0.000630957344480193,1,-0.501396378231739

0.000794328234724281,0.0001,-0.501808760309138
0.000794328234724281,0.000125892541179417,-0.501806574294054
0.000794328234724281,0.000158489319246111,-0.501805576906038
0.000794328234724281,0.000199526231496888,-0.501804358248115
0.000794328234724281,0.000251188643150958,-0.501802871737939
0.000794328234724281,0.000316227766016838,-0.501801065370333
0.000794328234724281,0.000398107170553497,-0.501798880199103
0.000794328234724281,0.000501187233627273,-0.501796248161508
0.000794328234724281,0.000630957344480193,-0.501793093245388
0.000794328234724281,0.000794328234724281,-0.501789333633987
0.000794328234724281,0.001,-0.501784941856548
0.000794328234724281,0.00125892541179417,-0.501779999421492
0.000794328234724281,0.00158489319246111,-0.501774158211102
0.000794328234724281,0.00199526231496888,-0.501766953241216
0.000794328234724281,0.00251188643150958,-0.501758929729574
0.000794328234724281,0.00316227766016838,-0.50175034718772
0.000794328234724281,0.00398107170553497,-0.501739572086732
0.000794328234724281,0.00501187233627272,-0.501725646877635
0.000794328234724281,0.00630957344480193,-0.501704088081063
0.000794328234724281,0.00794328234724281,-0.501679004613385
0.000794328234724281,0.01,-0.501648501699721
0.000794328234724281,0.0125892541179417,-0.501611787650739
0.000794328234724281,0.0158489319246111,-0.501568548154243
0.000794328234724281,0.0199526231496888,-0.50153537329445
0.000794328234724281,0.0251188643150958,-0.501503943445321
0.000794328234724281,0.0316227766016838,-0.501464977296829
0.000794328234724281,0.0398107170553497,-0.501416423425879
0.000794328234724281,0.0501187233627272,-0.501354371321242
0.000794328234724281,0.0630957344480193,-0.501291001376447
0.000794328234724281,0.0794328234724281,-0.501317673625099
0.000794328234724281,0.1,-0.501354852363691
0.000794328234724281,0.125892541179417,-0.501379770940171
0.000794328234724281,0.158489319246111,-0.501379532318909
0.000794328234724281,0.199526231496888,-0.501379313936055
0.000794328234724281,0.251188643150958,-0.501378690529189
0.000794328234724281,0.316227766016838,-0.501377557864005
0.000794328234724281,0.398107170553497,-0.501375773287997
0.000794328234724281,0.501187233627272,-0.501375458616095
0.000794328234724281,0.630957344480193,-0.501381531480301
0.000794328234724281,0.794328234724281,-0.501388720008007
0.000794328234724281,1,-0.501396398665814

0.001,0.0001,-0.501794950530378
0.001,0.000125892541179417,-0.501794317642767
0.001,0.000158489319246111,-0.501793530757616
0.001,0.000199526231496888,-0.501792554736017
0.001,0.000251188643150958,-0.501791349099363
0.001,0.000316227766016838,-0.501789867242942
0.001,0.000398107170553497,-0.501788065757861
0.001,0.000501187233627273,-0.50178590729716
0.001,0.000630957344480193,-0.501783386944008
0.001,0.000794328234724281,-0.501780413727044
0.001,0.001,-0.501776782828142
0.001,0.00125892541179417,-0.501772270692117
0.001,0.00158489319246111,-0.501766662361278
0.001,0.00199526231496888,-0.50175981932548
0.001,0.00251188643150958,-0.501753064437585
0.001,0.00316227766016838,-0.501744591623253
0.001,0.00398107170553497,-0.501733600942145
0.001,0.00501187233627272,-0.50171775590384
0.001,0.00630957344480193,-0.501697137459942
0.001,0.00794328234724281,-0.501672144887833
0.001,0.01,-0.501641790453798
0.001,0.0125892541179417,-0.501605428751556
0.001,0.0158489319246111,-0.501562611837404
0.001,0.0199526231496888,-0.501532632067504
0.001,0.0251188643150958,-0.50150117496106
0.001,0.0316227766016838,-0.501462223967237
0.001,0.0398107170553497,-0.501413657627002
0.001,0.0501187233627272,-0.501351518408951
0.001,0.0630957344480193,-0.501293170244433
0.001,0.0794328234724281,-0.501321248281196
0.001,0.1,-0.501357552419388
0.001,0.125892541179417,-0.501380315990188
0.001,0.158489319246111,-0.501380117734563
0.001,0.199526231496888,-0.501379864617868
0.001,0.251188643150958,-0.501379201287178
0.001,0.316227766016838,-0.501378023155335
0.001,0.398107170553497,-0.501376222367314
0.001,0.501187233627272,-0.501375889182874
0.001,0.630957344480193,-0.501381904930618
0.001,0.794328234724281,-0.501389168177112
0.001,1,-0.501396428476746

0.00125892541179417,0.0001,-0.501782787996336
0.00125892541179417,0.000125892541179417,-0.501782331839899
0.00125892541179417,0.000158489319246111,-0.501781760854029
0.00125892541179417,0.000199526231496888,-0.501781045704864
0.00125892541179417,0.000251188643150958,-0.501780150032606
0.00125892541179417,0.000316227766016838,-0.501779024479812
0.00125892541179417,0.000398107170553497,-0.501777615978211
0.00125892541179417,0.000501187233627273,-0.501775851286313
0.00125892541179417,0.000630957344480193,-0.501773640928437
0.00125892541179417,0.000794328234724281,-0.501770877879235
0.00125892541179417,0.001,-0.501767440383973
0.00125892541179417,0.00125892541179417,-0.501763065397258
0.00125892541179417,0.00158489319246111,-0.50175773900196
0.00125892541179417,0.00199526231496888,-0.501752650238478
0.00125892541179417,0.00251188643150958,-0.501745726998133
0.00125892541179417,0.00316227766016838,-0.501737094735345
0.00125892541179417,0.00398107170553497,-0.501726250728874
0.00125892541179417,0.00501187233627272,-0.501708699763871
0.00125892541179417,0.00630957344480193,-0.501688288631842
0.00125892541179417,0.00794328234724281,-0.501663455353966
0.00125892541179417,0.01,-0.501633304034967
0.00125892541179417,0.0125892541179417,-0.501597560151055
0.00125892541179417,0.0158489319246111,-0.501555200230017
0.00125892541179417,0.0199526231496888,-0.501529106634839
0.00125892541179417,0.0251188643150958,-0.501497688952329
0.00125892541179417,0.0316227766016838,-0.501459662489575
0.00125892541179417,0.0398107170553497,-0.501410166399957
0.00125892541179417,0.0501187233627272,-0.501348999916048
0.00125892541179417,0.0630957344480193,-0.501299011622373
0.00125892541179417,0.0794328234724281,-0.501322295487141
0.00125892541179417,0.1,-0.501359977835874
0.00125892541179417,0.125892541179417,-0.501381000635464
0.00125892541179417,0.158489319246111,-0.50138087500985
0.00125892541179417,0.199526231496888,-0.501380550065347
0.00125892541179417,0.251188643150958,-0.501379846620995
0.00125892541179417,0.316227766016838,-0.501378614202051
0.00125892541179417,0.398107170553497,-0.501376750553728
0.00125892541179417,0.501187233627272,-0.501376451609631
0.00125892541179417,0.630957344480193,-0.501382385779017
0.00125892541179417,0.794328234724281,-0.501389737831041
0.00125892541179417,1,-0.501396472160562

0.00158489319246111,0.0001,-0.501770862953498
0.00158489319246111,0.000125892541179417,-0.501770435058358
0.00158489319246111,0.000158489319246111,-0.501769897225999
0.00158489319246111,0.000199526231496888,-0.501769221327418
0.00158489319246111,0.000251188643150958,-0.501768371878297
0.00158489319246111,0.000316227766016838,-0.501767305342381
0.00158489319246111,0.000398107170553497,-0.501765966342928
0.00158489319246111,0.000501187233627273,-0.501764284987861
0.00158489319246111,0.000630957344480193,-0.501762170951692
0.00158489319246111,0.000794328234724281,-0.501759512584023
0.00158489319246111,0.001,-0.501756403363984
0.00158489319246111,0.00125892541179417,-0.501752827144015
0.00158489319246111,0.00158489319246111,-0.501748532181916
0.00158489319246111,0.00199526231496888,-0.50174316102297
0.00158489319246111,0.00251188643150958,-0.501736411876211
0.00158489319246111,0.00316227766016838,-0.501727907308897
0.00158489319246111,0.00398107170553497,-0.50171380306109
0.00158489319246111,0.00501187233627272,-0.5016972438043
0.00158489319246111,0.00630957344480193,-0.501677096988888
0.00158489319246111,0.00794328234724281,-0.501652492096062
0.00158489319246111,0.01,-0.50162274983016
0.00158489319246111,0.0125892541179417,-0.501587845851176
0.00158489319246111,0.0158489319246111,-0.501550050094866
0.00158489319246111,0.0199526231496888,-0.501524669341284
0.00158489319246111,0.0251188643150958,-0.501493289373329
0.00158489319246111,0.0316227766016838,-0.501453693062682
0.00158489319246111,0.0398107170553497,-0.501405875142935
0.00158489319246111,0.0501187233627272,-0.501344473541478
0.00158489319246111,0.0630957344480193,-0.501301299900429
0.00158489319246111,0.0794328234724281,-0.501325433393406
0.00158489319246111,0.1,-0.501363023423282
0.00158489319246111,0.125892541179417,-0.501381858215763
0.00158489319246111,0.158489319246111,-0.501381795484307
0.00158489319246111,0.199526231496888,-0.501381348769606
0.00158489319246111,0.251188643150958,-0.50138057518615
0.00158489319246111,0.316227766016838,-0.501379288881825
0.00158489319246111,0.398107170553497,-0.501377373068151
0.00158489319246111,0.501187233627272,-0.501377181495035
0.00158489319246111,0.630957344480193,-0.501383004781895
0.00158489319246111,0.794328234724281,-0.501390458851136
0.00158489319246111,1,-0.501396536311297

0.00199526231496888,0.0001,-0.501757098853291
0.00199526231496888,0.000125892541179417,-0.501756668378148
0.00199526231496888,0.000158489319246111,-0.501756127683053
0.00199526231496888,0.000199526231496888,-0.501755448322076
0.00199526231496888,0.000251188643150958,-0.501754594384847
0.00199526231496888,0.000316227766016838,-0.501753516849999
0.00199526231496888,0.000398107170553497,-0.501752226421635
0.00199526231496888,0.000501187233627273,-0.501750898545716
0.00199526231496888,0.000630957344480193,-0.501749232998591
0.00199526231496888,0.000794328234724281,-0.501747135480852
0.00199526231496888,0.001,-0.501744500330101
0.00199526231496888,0.00125892541179417,-0.501741179189855
0.00199526231496888,0.00158489319246111,-0.501736964211166
0.00199526231496888,0.00199526231496888,-0.501731686000658
0.00199526231496888,0.00251188643150958,-0.501725037519989
0.00199526231496888,0.00316227766016838,-0.501712248200977
0.00199526231496888,0.00398107170553497,-0.501699035900415
0.00199526231496888,0.00501187233627272,-0.501682819154465
0.00199526231496888,0.00630957344480193,-0.501662955418646
0.00199526231496888,0.00794328234724281,-0.501638708168591
0.00199526231496888,0.01,-0.501609909205443
0.00199526231496888,0.0125892541179417,-0.501575634666268
0.00199526231496888,0.0158489319246111,-0.501544390109291
0.00199526231496888,0.0199526231496888,-0.501519067173046
0.00199526231496888,0.0251188643150958,-0.501487727730467
0.00199526231496888,0.0316227766016838,-0.501448813337265
0.00199526231496888,0.0398107170553497,-0.501400212705847
0.00199526231496888,0.0501187233627272,-0.501338762665664
0.00199526231496888,0.0630957344480193,-0.501304184725359
0.00199526231496888,0.0794328234724281,-0.501333128879707
0.00199526231496888,0.1,-0.50136684129137
0.00199526231496888,0.125892541179417,-0.501382928254752
0.00199526231496888,0.158489319246111,-0.501382810255235
0.00199526231496888,0.199526231496888,-0.501382473013813
0.00199526231496888,0.251188643150958,-0.501381518742455
0.00199526231496888,0.316227766016838,-0.50138014457946
0.00199526231496888,0.398107170553497,-0.501378198219089
0.00199526231496888,0.501187233627272,-0.501378120731972
0.00199526231496888,0.630957344480193,-0.501383475530496
0.00199526231496888,0.794328234724281,-0.501391985618616
0.00199526231496888,1,-0.501396630488574

0.00251188643150958,0.0001,-0.501741663224374
0.00251188643150958,0.000125892541179417,-0.501741338504209
0.00251188643150958,0.000158489319246111,-0.50174092943279
0.00251188643150958,0.000199526231496888,-0.501740414423285
0.00251188643150958,0.000251188643150958,-0.501739765528349
0.00251188643150958,0.000316227766016838,-0.50173894760485
0.00251188643150958,0.000398107170553497,-0.501737918452252
0.00251188643150958,0.000501187233627273,-0.501736621594338
0.00251188643150958,0.000630957344480193,-0.5017349889901
0.00251188643150958,0.000794328234724281,-0.501732929976294
0.00251188643150958,0.001,-0.501730332714181
0.00251188643150958,0.00125892541179417,-0.501727069562143
0.00251188643150958,0.00158489319246111,-0.501719125356644
0.00251188643150958,0.00199526231496888,-0.501712272696019
0.00251188643150958,0.00251188643150958,-0.501703848623195
0.00251188643150958,0.00316227766016838,-0.501693476071482
0.00251188643150958,0.00398107170553497,-0.501680565315088
0.00251188643150958,0.00501187233627272,-0.501664681856335
0.00251188643150958,0.00630957344480193,-0.501645173654711
0.00251188643150958,0.00794328234724281,-0.501621917837957
0.00251188643150958,0.01,-0.501594099117236
0.00251188643150958,0.0125892541179417,-0.501560542010978
0.00251188643150958,0.0158489319246111,-0.501537236328577
0.00251188643150958,0.0199526231496888,-0.501511979075857
0.00251188643150958,0.0251188643150958,-0.501480690460658
0.00251188643150958,0.0316227766016838,-0.501441999708864
0.00251188643150958,0.0398107170553497,-0.501393063169973
0.00251188643150958,0.0501187233627272,-0.501331555647861
0.00251188643150958,0.0630957344480193,-0.501307737828533
0.00251188643150958,0.0794328234724281,-0.501336703129773
0.00251188643150958,0.1,-0.501374376525747
0.00251188643150958,0.125892541179417,-0.501384256636392
0.00251188643150958,0.158489319246111,-0.501384072932279
0.00251188643150958,0.199526231496888,-0.501383655853681
0.00251188643150958,0.251188643150958,-0.501382941639967
0.00251188643150958,0.316227766016838,-0.501381256608718
0.00251188643150958,0.398107170553497,-0.501379269930422
0.00251188643150958,0.501187233627272,-0.501379318289969
0.00251188643150958,0.630957344480193,-0.501384526056699
0.00251188643150958,0.794328234724281,-0.501393007964026
0.00251188643150958,1,-0.5013967683521

0.00316227766016838,0.0001,-0.501719005914312
0.00316227766016838,0.000125892541179417,-0.501718570045801
0.00316227766016838,0.000158489319246111,-0.501718022337343
0.00316227766016838,0.000199526231496888,-0.501717331413282
0.00316227766016838,0.000251188643150958,-0.501716465992059
0.00316227766016838,0.000316227766016838,-0.501715379967997
0.00316227766016838,0.000398107170553497,-0.501714016069112
0.00316227766016838,0.000501187233627273,-0.501712306610629
0.00316227766016838,0.000630957344480193,-0.501710164045676
0.00316227766016838,0.000794328234724281,-0.501707478763874
0.00316227766016838,0.001,-0.501704123212082
0.00316227766016838,0.00125892541179417,-0.501699926196437
0.00316227766016838,0.00158489319246111,-0.501694674874828
0.00316227766016838,0.00199526231496888,-0.501688148809266
0.00316227766016838,0.00251188643150958,-0.501680015447492
0.00316227766016838,0.00316227766016838,-0.501669909892654
0.00316227766016838,0.00398107170553497,-0.501657412716116
0.00316227766016838,0.00501187233627272,-0.501642130918536
0.00316227766016838,0.00630957344480193,-0.501623844435008
0.00316227766016838,0.00794328234724281,-0.501601653482988
0.00316227766016838,0.01,-0.501574734185174
0.00316227766016838,0.0125892541179417,-0.50154849732803
0.00316227766016838,0.0158489319246111,-0.501528180156805
0.00316227766016838,0.0199526231496888,-0.501503006828914
0.00316227766016838,0.0251188643150958,-0.501473197300777
0.00316227766016838,0.0316227766016838,-0.501432952379802
0.00316227766016838,0.0398107170553497,-0.501384035464016
0.00316227766016838,0.0501187233627272,-0.501322352432244
0.00316227766016838,0.0630957344480193,-0.501312201337504
0.00316227766016838,0.0794328234724281,-0.501341250584854
0.00316227766016838,0.1,-0.501379278964552
0.00316227766016838,0.125892541179417,-0.501385895350532
0.00316227766016838,0.158489319246111,-0.501385635243304
0.00316227766016838,0.199526231496888,-0.501385121863455
0.00316227766016838,0.251188643150958,-0.501384307492232
0.00316227766016838,0.316227766016838,-0.50138267602948
0.00316227766016838,0.398107170553497,-0.501380640075649
0.00316227766016838,0.501187233627272,-0.501382028499747
0.00316227766016838,0.630957344480193,-0.501385856633241
0.00316227766016838,0.794328234724281,-0.501394286426434
0.00316227766016838,1,-0.501396969069244

0.00398107170553497,0.0001,-0.501687996907653
0.00398107170553497,0.000125892541179417,-0.501687586657307
0.00398107170553497,0.000158489319246111,-0.501687070510504
0.00398107170553497,0.000199526231496888,-0.501686420761976
0.00398107170553497,0.000251188643150958,-0.501685604623743
0.00398107170553497,0.000316227766016838,-0.501684578266214
0.00398107170553497,0.000398107170553497,-0.501683288090806
0.00398107170553497,0.000501187233627273,-0.501681667085832
0.00398107170553497,0.000630957344480193,-0.50167963079781
0.00398107170553497,0.000794328234724281,-0.501677079406791
0.00398107170553497,0.001,-0.501673863209658
0.00398107170553497,0.00125892541179417,-0.501669850926916
0.00398107170553497,0.00158489319246111,-0.501664837960085
0.00398107170553497,0.00199526231496888,-0.501658584425647
0.00398107170553497,0.00251188643150958,-0.501650880484388
0.00398107170553497,0.00316227766016838,-0.501641568104494
0.00398107170553497,0.00398107170553497,-0.501629994149973
0.00398107170553497,0.00501187233627272,-0.501615670662581
0.00398107170553497,0.00630957344480193,-0.501598407490106
0.00398107170553497,0.00794328234724281,-0.501577088698584
0.00398107170553497,0.01,-0.501553204866553
0.00398107170553497,0.0125892541179417,-0.501536922889362
0.00398107170553497,0.0158489319246111,-0.501516717414203
0.00398107170553497,0.0199526231496888,-0.501491650230828
0.00398107170553497,0.0251188643150958,-0.501460693190445
0.00398107170553497,0.0316227766016838,-0.501421533406739
0.00398107170553497,0.0398107170553497,-0.501372500026876
0.00398107170553497,0.0501187233627272,-0.501310690522976
0.00398107170553497,0.0630957344480193,-0.501317843257188
0.00398107170553497,0.0794328234724281,-0.501347030503295
0.00398107170553497,0.1,-0.50138547462116
0.00398107170553497,0.125892541179417,-0.501391670258649
0.00398107170553497,0.158489319246111,-0.501387555126424
0.00398107170553497,0.199526231496888,-0.501386936955884
0.00398107170553497,0.251188643150958,-0.501386005163637
0.00398107170553497,0.316227766016838,-0.501384651973209
0.00398107170553497,0.398107170553497,-0.501383021050086
0.00398107170553497,0.501187233627272,-0.501383563485312
0.00398107170553497,0.630957344480193,-0.501387140468803
0.00398107170553497,0.794328234724281,-0.501395880436605
0.00398107170553497,1,-0.501397258981484

0.00501187233627272,0.0001,-0.501651185883266
0.00501187233627272,0.000125892541179417,-0.501650814044715
0.00501187233627272,0.000158489319246111,-0.501650345873334
0.00501187233627272,0.000199526231496888,-0.501649757021388
0.00501187233627272,0.000251188643150958,-0.501649015564181
0.00501187233627272,0.000316227766016838,-0.501648084234045
0.00501187233627272,0.000398107170553497,-0.501646910150396
0.00501187233627272,0.000501187233627273,-0.501645436747917
0.00501187233627272,0.000630957344480193,-0.501643587311109
0.00501187233627272,0.000794328234724281,-0.501641267540826
0.00501187233627272,0.001,-0.501638346707838
0.00501187233627272,0.00125892541179417,-0.501634691195888
0.00501187233627272,0.00158489319246111,-0.501630114909672
0.00501187233627272,0.00199526231496888,-0.5016243855921
0.00501187233627272,0.00251188643150958,-0.501617393517999
0.00501187233627272,0.00316227766016838,-0.501608631553761
0.00501187233627272,0.00398107170553497,-0.501597810973987
0.00501187233627272,0.00501187233627272,-0.501584355084416
0.00501187233627272,0.00630957344480193,-0.501567688416657
0.00501187233627272,0.00794328234724281,-0.501551418478894
0.00501187233627272,0.01,-0.501538433157985
0.00501187233627272,0.0125892541179417,-0.501522287269638
0.00501187233627272,0.0158489319246111,-0.501502224287192
0.00501187233627272,0.0199526231496888,-0.501477555607129
0.00501187233627272,0.0251188643150958,-0.501446056731593
0.00501187233627272,0.0316227766016838,-0.501406918280659
0.00501187233627272,0.0398107170553497,-0.501357895797561
0.00501187233627272,0.0501187233627272,-0.501304148144485
0.00501187233627272,0.0630957344480193,-0.501324974305572
0.00501187233627272,0.0794328234724281,-0.501354371283849
0.00501187233627272,0.1,-0.501389963693013
0.00501187233627272,0.125892541179417,-0.501394679592795
0.00501187233627272,0.158489319246111,-0.501389895685737
0.00501187233627272,0.199526231496888,-0.501389161001473
0.00501187233627272,0.251188643150958,-0.501388090535011
0.00501187233627272,0.316227766016838,-0.501386598392943
0.00501187233627272,0.398107170553497,-0.501384853631532
0.00501187233627272,0.501187233627272,-0.501385577136558
0.00501187233627272,0.630957344480193,-0.501390039946726
0.00501187233627272,0.794328234724281,-0.501397860174898
0.00501187233627272,1,-0.501397673494111

0.00630957344480193,0.0001,-0.501609385765111
0.00630957344480193,0.000125892541179417,-0.50160904329101
0.00630957344480193,0.000158489319246111,-0.501608612304653
0.00630957344480193,0.000199526231496888,-0.501608070045538
0.00630957344480193,0.000251188643150958,-0.501607387082812
0.00630957344480193,0.000316227766016838,-0.501606528414415
0.00630957344480193,0.000398107170553497,-0.501605448893053
0.00630957344480193,0.000501187233627273,-0.501604091880501
0.00630957344480193,0.000630957344480193,-0.501602380551096
0.00630957344480193,0.000794328234724281,-0.501600233209471
0.00630957344480193,0.001,-0.501597535396985
0.00630957344480193,0.00125892541179417,-0.501594148023443
0.00630957344480193,0.00158489319246111,-0.501589886693432
0.00630957344480193,0.00199526231496888,-0.50158456971489
0.00630957344480193,0.00251188643150958,-0.501577939378182
0.00630957344480193,0.00316227766016838,-0.501569642940484
0.00630957344480193,0.00398107170553497,-0.501559320483091
0.00630957344480193,0.00501187233627272,-0.501551173340496
0.00630957344480193,0.00630957344480193,-0.501542929153989
0.00630957344480193,0.00794328234724281,-0.501532637520896
0.00630957344480193,0.01,-0.501519797119805
0.00630957344480193,0.0125892541179417,-0.501503762333949
0.00630957344480193,0.0158489319246111,-0.501483963299441
0.00630957344480193,0.0199526231496888,-0.501458788747195
0.00630957344480193,0.0251188643150958,-0.501427532363021
0.00630957344480193,0.0316227766016838,-0.501388501843245
0.00630957344480193,0.0398107170553497,-0.50133943883215
0.00630957344480193,0.0501187233627272,-0.50131274901771
0.00630957344480193,0.0630957344480193,-0.501333992628636
0.00630957344480193,0.0794328234724281,-0.501363691389263
0.00630957344480193,0.1,-0.501391714674007
0.00630957344480193,0.125892541179417,-0.501396021804717
0.00630957344480193,0.158489319246111,-0.501392723519025
0.00630957344480193,0.199526231496888,-0.501391862483978
0.00630957344480193,0.251188643150958,-0.501390652317349
0.00630957344480193,0.316227766016838,-0.501389003360732
0.00630957344480193,0.398107170553497,-0.501387199852036
0.00630957344480193,0.501187233627272,-0.50138816635292
0.00630957344480193,0.630957344480193,-0.501392633856572
0.00630957344480193,0.794328234724281,-0.501400306839428
0.00630957344480193,1,-0.501398259410637

0.00794328234724281,0.0001,-0.501560560640289
0.00794328234724281,0.000125892541179417,-0.501560238776573
0.00794328234724281,0.000158489319246111,-0.501559832869702
0.00794328234724281,0.000199526231496888,-0.501559323439376
0.00794328234724281,0.000251188643150958,-0.50155868285576
0.00794328234724281,0.000316227766016838,-0.501557876669412
0.00794328234724281,0.000398107170553497,-0.501556864401299
0.00794328234724281,0.000501187233627273,-0.501555908792186
0.00794328234724281,0.000630957344480193,-0.501555077362921
0.00794328234724281,0.000794328234724281,-0.501554028797253
0.00794328234724281,0.001,-0.501552711168319
0.00794328234724281,0.00125892541179417,-0.50155102952513
0.00794328234724281,0.00158489319246111,-0.50154892091577
0.00794328234724281,0.00199526231496888,-0.501546278470202
0.00794328234724281,0.00251188643150958,-0.501542959433636
0.00794328234724281,0.00316227766016838,-0.501538802712904
0.00794328234724281,0.00398107170553497,-0.501533609660675
0.00794328234724281,0.00501187233627272,-0.501527052950676
0.00794328234724281,0.00630957344480193,-0.501518918698011
0.00794328234724281,0.00794328234724281,-0.501509246847444
0.00794328234724281,0.01,-0.501496272403119
0.00794328234724281,0.0125892541179417,-0.501480176184731
0.00794328234724281,0.0158489319246111,-0.501460189608544
0.00794328234724281,0.0199526231496888,-0.501435307717342
0.00794328234724281,0.0251188643150958,-0.501404227613574
0.00794328234724281,0.0316227766016838,-0.501365244852574
0.00794328234724281,0.0398107170553497,-0.501316067822777
0.00794328234724281,0.0501187233627272,-0.501323649429073
0.00794328234724281,0.0630957344480193,-0.501346876317058
0.00794328234724281,0.0794328234724281,-0.501375527565941
0.00794328234724281,0.1,-0.501393886536464
0.00794328234724281,0.125892541179417,-0.501397814364534
0.00794328234724281,0.158489319246111,-0.501400071228321
0.00794328234724281,0.199526231496888,-0.501395112080015
0.00794328234724281,0.251188643150958,-0.501393753876149
0.00794328234724281,0.316227766016838,-0.501391899282312
0.00794328234724281,0.398107170553497,-0.501390185004067
0.00794328234724281,0.501187233627272,-0.501391435144993
0.00794328234724281,0.630957344480193,-0.501396258502661
0.00794328234724281,0.794328234724281,-0.501403311972864
0.00794328234724281,1,-0.501399079828807

0.01,0.0001,-0.501528208203616
0.01,0.000125892541179417,-0.501528039736417
0.01,0.000158489319246111,-0.501527827673871
0.01,0.000199526231496888,-0.501527559705258
0.01,0.000251188643150958,-0.501527224229774
0.01,0.000316227766016838,-0.501526797723243
0.01,0.000398107170553497,-0.501526266393553
0.01,0.000501187233627273,-0.501525598539738
0.01,0.000630957344480193,-0.501524755612199
0.01,0.000794328234724281,-0.501523704312557
0.01,0.001,-0.501522372133533
0.01,0.00125892541179417,-0.501520703186839
0.01,0.00158489319246111,-0.501518602509034
0.01,0.00199526231496888,-0.501515972378077
0.01,0.00251188643150958,-0.501512686224556
0.01,0.00316227766016838,-0.501508548309481
0.01,0.00398107170553497,-0.501503332813515
0.01,0.00501187233627272,-0.501496855735127
0.01,0.00630957344480193,-0.501488739946189
0.01,0.00794328234724281,-0.501478638875086
0.01,0.01,-0.50146599659745
0.01,0.0125892541179417,-0.501450216629911
0.01,0.0158489319246111,-0.501430499473204
0.01,0.0199526231496888,-0.501405813037052
0.01,0.0251188643150958,-0.501374825410919
0.01,0.0316227766016838,-0.501335794806707
0.01,0.0398107170553497,-0.50132107801196
0.01,0.0501187233627272,-0.501337502034275
0.01,0.0630957344480193,-0.501361041879728
0.01,0.0794328234724281,-0.501390572633335
0.01,0.1,-0.501396594544789
0.01,0.125892541179417,-0.501400155355882
0.01,0.158489319246111,-0.501402408427176
0.01,0.199526231496888,-0.501398979232065
0.01,0.251188643150958,-0.501397468461954
0.01,0.316227766016838,-0.501395453588501
0.01,0.398107170553497,-0.501393973640333
0.01,0.501187233627272,-0.501395489221917
0.01,0.630957344480193,-0.501399764326133
0.01,0.794328234724281,-0.501406975322789
0.01,1,-0.501400239698693

0.0125892541179417,0.0001,-0.501488824579747
0.0125892541179417,0.000125892541179417,-0.501488663876663
0.0125892541179417,0.000158489319246111,-0.501488461954133
0.0125892541179417,0.000199526231496888,-0.50148820763303
0.0125892541179417,0.000251188643150958,-0.501487887636448
0.0125892541179417,0.000316227766016838,-0.501487481982827
0.0125892541179417,0.000398107170553497,-0.501486974614203
0.0125892541179417,0.000501187233627273,-0.501486335955966
0.0125892541179417,0.000630957344480193,-0.50148553118294
0.0125892541179417,0.000794328234724281,-0.501484526835387
0.0125892541179417,0.001,-0.501483256221841
0.0125892541179417,0.00125892541179417,-0.501481657496233
0.0125892541179417,0.00158489319246111,-0.501479644706673
0.0125892541179417,0.00199526231496888,-0.501477119153065
0.0125892541179417,0.00251188643150958,-0.501473925372872
0.0125892541179417,0.00316227766016838,-0.501469943271194
0.0125892541179417,0.00398107170553497,-0.501464939633929
0.0125892541179417,0.00501187233627272,-0.501458625630582
0.0125892541179417,0.00630957344480193,-0.501450723875846
0.0125892541179417,0.00794328234724281,-0.501440811424087
0.0125892541179417,0.01,-0.501428387198704
0.0125892541179417,0.0125892541179417,-0.501412805434322
0.0125892541179417,0.0158489319246111,-0.501393235896843
0.0125892541179417,0.0199526231496888,-0.501368623676243
0.0125892541179417,0.0251188643150958,-0.501337607725691
0.0125892541179417,0.0316227766016838,-0.501325325943657
0.0125892541179417,0.0398107170553497,-0.501338014784371
0.0125892541179417,0.0501187233627272,-0.501355172033938
0.0125892541179417,0.0630957344480193,-0.501379188807079
0.0125892541179417,0.0794328234724281,-0.501397615191187
0.0125892541179417,0.1,-0.501401370606359
0.0125892541179417,0.125892541179417,-0.501403153934515
0.0125892541179417,0.158489319246111,-0.501405380088801
0.0125892541179417,0.199526231496888,-0.501403527468467
0.0125892541179417,0.251188643150958,-0.501401864386278
0.0125892541179417,0.316227766016838,-0.501399708640317
0.0125892541179417,0.398107170553497,-0.501398603063515
0.0125892541179417,0.501187233627272,-0.501400426870198
0.0125892541179417,0.630957344480193,-0.501403773608429
0.0125892541179417,0.794328234724281,-0.501411400483425
0.0125892541179417,1,-0.501402114737418

0.0158489319246111,0.0001,-0.501440820919894
0.0158489319246111,0.000125892541179417,-0.501440664478713
0.0158489319246111,0.000158489319246111,-0.501440467544048
0.0158489319246111,0.000199526231496888,-0.501440219783493
0.0158489319246111,0.000251188643150958,-0.501439907901812
0.0158489319246111,0.000316227766016838,-0.50143951508901
0.0158489319246111,0.000398107170553497,-0.501439019956491
0.0158489319246111,0.000501187233627273,-0.5014383972362
0.0158489319246111,0.000630957344480193,-0.501437612206093
0.0158489319246111,0.000794328234724281,-0.501436626135712
0.0158489319246111,0.001,-0.501435384823266
0.0158489319246111,0.00125892541179417,-0.501433816876125
0.0158489319246111,0.00158489319246111,-0.501431850555467
0.0158489319246111,0.00199526231496888,-0.501429380611829
0.0158489319246111,0.00251188643150958,-0.501426268411009
0.0158489319246111,0.00316227766016838,-0.501422339406201
0.0158489319246111,0.00398107170553497,-0.501417418992712
0.0158489319246111,0.00501187233627272,-0.50141121298787
0.0158489319246111,0.00630957344480193,-0.501403417668139
0.0158489319246111,0.00794328234724281,-0.501393622260182
0.0158489319246111,0.01,-0.501381275789817
0.0158489319246111,0.0125892541179417,-0.501365757508505
0.0158489319246111,0.0158489319246111,-0.501346190049511
0.0158489319246111,0.0199526231496888,-0.501328597083447
0.0158489319246111,0.0251188643150958,-0.501336196806803
0.0158489319246111,0.0316227766016838,-0.501346305156066
0.0158489319246111,0.0398107170553497,-0.501359789139952
0.0158489319246111,0.0501187233627272,-0.501379267677562
0.0158489319246111,0.0630957344480193,-0.501399984553278
0.0158489319246111,0.0794328234724281,-0.501401791371944
0.0158489319246111,0.1,-0.501405191274015
0.0158489319246111,0.125892541179417,-0.501406928597103
0.0158489319246111,0.158489319246111,-0.501409101827274
0.0158489319246111,0.199526231496888,-0.501414491267747
0.0158489319246111,0.251188643150958,-0.50140699723669
0.0158489319246111,0.316227766016838,-0.501404820523239
0.0158489319246111,0.398107170553497,-0.50140415020276
0.0158489319246111,0.501187233627272,-0.501407676750563
0.0158489319246111,0.630957344480193,-0.50140955074043
0.0158489319246111,0.794328234724281,-0.501415987593141
0.0158489319246111,1,-0.501406442423838

0.0199526231496888,0.0001,-0.501381164462624
0.0199526231496888,0.000125892541179417,-0.501381009147931
0.0199526231496888,0.000158489319246111,-0.50138081403029
0.0199526231496888,0.000199526231496888,-0.501380567791353
0.0199526231496888,0.000251188643150958,-0.50138025854563
0.0199526231496888,0.000316227766016838,-0.501379868933609
0.0199526231496888,0.000398107170553497,-0.501379378851691
0.0199526231496888,0.000501187233627273,-0.501378761913953
0.0199526231496888,0.000630957344480193,-0.501377981715882
0.0199526231496888,0.000794328234724281,-0.501377003053815
0.0199526231496888,0.001,-0.501375773169659
0.0199526231496888,0.00125892541179417,-0.50137422115557
0.0199526231496888,0.00158489319246111,-0.501372275315179
0.0199526231496888,0.00199526231496888,-0.50136981229897
0.0199526231496888,0.00251188643150958,-0.501366719256173
0.0199526231496888,0.00316227766016838,-0.501362824870868
0.0199526231496888,0.00398107170553497,-0.501357898730974
0.0199526231496888,0.00501187233627272,-0.501351730170066
0.0199526231496888,0.00630957344480193,-0.50134390537335
0.0199526231496888,0.00794328234724281,-0.50133643682592
0.0199526231496888,0.01,-0.50133933500546
0.0199526231496888,0.0125892541179417,-0.501343098008165
0.0199526231496888,0.0158489319246111,-0.501347972544273
0.0199526231496888,0.0199526231496888,-0.501354323211357
0.0199526231496888,0.0251188643150958,-0.501362632782643
0.0199526231496888,0.0316227766016838,-0.501373547218408
0.0199526231496888,0.0398107170553497,-0.501387930784915
0.0199526231496888,0.0501187233627272,-0.501403752329163
0.0199526231496888,0.0630957344480193,-0.501405140254328
0.0199526231496888,0.0794328234724281,-0.501406870648065
0.0199526231496888,0.1,-0.501409934315988
0.0199526231496888,0.125892541179417,-0.501411598950345
0.0199526231496888,0.158489319246111,-0.501413689401295
0.0199526231496888,0.199526231496888,-0.50141904494668
0.0199526231496888,0.251188643150958,-0.501412900003001
0.0199526231496888,0.316227766016838,-0.501410946245953
0.0199526231496888,0.398107170553497,-0.501411444286647
0.0199526231496888,0.501187233627272,-0.501412976933539
0.0199526231496888,0.630957344480193,-0.501416274761694
0.0199526231496888,0.794328234724281,-0.501422318901521
0.0199526231496888,1,-0.501414369778254

0.0251188643150958,0.0001,-0.501356385401044
0.0251188643150958,0.000125892541179417,-0.501356424531944
0.0251188643150958,0.000158489319246111,-0.501356473475836
0.0251188643150958,0.000199526231496888,-0.501356533490002
0.0251188643150958,0.000251188643150958,-0.50135661091191
0.0251188643150958,0.000316227766016838,-0.501356708786963
0.0251188643150958,0.000398107170553497,-0.501356830538864
0.0251188643150958,0.000501187233627273,-0.501356977385045
0.0251188643150958,0.000630957344480193,-0.501357173149249
0.0251188643150958,0.000794328234724281,-0.501357418257526
0.0251188643150958,0.001,-0.50135773071896
0.0251188643150958,0.00125892541179417,-0.501358115715119
0.0251188643150958,0.00158489319246111,-0.501358472014685
0.0251188643150958,0.00199526231496888,-0.501359090452393
0.0251188643150958,0.00251188643150958,-0.50135987867331
0.0251188643150958,0.00316227766016838,-0.501360857017208
0.0251188643150958,0.00398107170553497,-0.501362123996425
0.0251188643150958,0.00501187233627272,-0.501363691927738
0.0251188643150958,0.00630957344480193,-0.501365712551659
0.0251188643150958,0.00794328234724281,-0.501368299591086
0.0251188643150958,0.01,-0.501371578357245
0.0251188643150958,0.0125892541179417,-0.501375801979433
0.0251188643150958,0.0158489319246111,-0.501381228982242
0.0251188643150958,0.0199526231496888,-0.501388238695359
0.0251188643150958,0.0251188643150958,-0.501397303422869
0.0251188643150958,0.0316227766016838,-0.501408131563598
0.0251188643150958,0.0398107170553497,-0.501408968052394
0.0251188643150958,0.0501187233627272,-0.501410015890321
0.0251188643150958,0.0630957344480193,-0.501411325313382
0.0251188643150958,0.0794328234724281,-0.501412958002435
0.0251188643150958,0.1,-0.50141570081104
0.0251188643150958,0.125892541179417,-0.501417260503983
0.0251188643150958,0.158489319246111,-0.501419232155532
0.0251188643150958,0.199526231496888,-0.501424467003789
0.0251188643150958,0.251188643150958,-0.501419686356078
0.0251188643150958,0.316227766016838,-0.501419342547319
0.0251188643150958,0.398107170553497,-0.501419583959775
0.0251188643150958,0.501187233627272,-0.501420916365557
0.0251188643150958,0.630957344480193,-0.501423933904454
0.0251188643150958,0.794328234724281,-0.501420542361492
0.0251188643150958,1,-0.501424079096719

0.0316227766016838,0.0001,-0.501397454399564
0.0316227766016838,0.000125892541179417,-0.501397498545829
0.0316227766016838,0.000158489319246111,-0.501397544396788
0.0316227766016838,0.000199526231496888,-0.501397614808739
0.0316227766016838,0.000251188643150958,-0.501397702917503
0.0316227766016838,0.000316227766016838,-0.501397813960811
0.0316227766016838,0.000398107170553497,-0.501397953106698
0.0316227766016838,0.000501187233627273,-0.501398129814752
0.0316227766016838,0.000630957344480193,-0.501398352432096
0.0316227766016838,0.000794328234724281,-0.501398631843421
0.0316227766016838,0.001,-0.50139898660425
0.0316227766016838,0.00125892541179417,-0.501399427318857
0.0316227766016838,0.00158489319246111,-0.501399976772898
0.0316227766016838,0.00199526231496888,-0.50140066971675
0.0316227766016838,0.00251188643150958,-0.501401585042386
0.0316227766016838,0.00316227766016838,-0.501402599037078
0.0316227766016838,0.00398107170553497,-0.501404028752772
0.0316227766016838,0.00501187233627272,-0.501405830913907
0.0316227766016838,0.00630957344480193,-0.501408116719787
0.0316227766016838,0.00794328234724281,-0.501410978659987
0.0316227766016838,0.01,-0.5014135650338
0.0316227766016838,0.0125892541179417,-0.501413808972045
0.0316227766016838,0.0158489319246111,-0.501414122256842
0.0316227766016838,0.0199526231496888,-0.501414509114127
0.0316227766016838,0.0251188643150958,-0.501414998490636
0.0316227766016838,0.0316227766016838,-0.501415613706456
0.0316227766016838,0.0398107170553497,-0.501416385622637
0.0316227766016838,0.0501187233627272,-0.501417352115692
0.0316227766016838,0.0630957344480193,-0.501418560036668
0.0316227766016838,0.0794328234724281,-0.501420066298914
0.0316227766016838,0.1,-0.50142194138202
0.0316227766016838,0.125892541179417,-0.501424250469414
0.0316227766016838,0.158489319246111,-0.501427140629608
0.0316227766016838,0.199526231496888,-0.501430771473716
0.0316227766016838,0.251188643150958,-0.501435314330836
0.0316227766016838,0.316227766016838,-0.501428212549268
0.0316227766016838,0.398107170553497,-0.501428420429874
0.0316227766016838,0.501187233627272,-0.501429665983691
0.0316227766016838,0.630957344480193,-0.501432568225277
0.0316227766016838,0.794328234724281,-0.501438105985205
0.0316227766016838,1,-0.501434776410561

0.0398107170553497,0.0001,-0.501421024035848
0.0398107170553497,0.000125892541179417,-0.501421025395348
0.0398107170553497,0.000158489319246111,-0.501421029151216
0.0398107170553497,0.000199526231496888,-0.501421033538398
0.0398107170553497,0.000251188643150958,-0.501421038607288
0.0398107170553497,0.000316227766016838,-0.501421045719419
0.0398107170553497,0.000398107170553497,-0.501421055538353
0.0398107170553497,0.000501187233627273,-0.50142106489472
0.0398107170553497,0.000630957344480193,-0.501421079862648
0.0398107170553497,0.000794328234724281,-0.501421097536685
0.0398107170553497,0.001,-0.501421109048911
0.0398107170553497,0.00125892541179417,-0.50142105355953
0.0398107170553497,0.00158489319246111,-0.501421085303492
0.0398107170553497,0.00199526231496888,-0.501421094790933
0.0398107170553497,0.00251188643150958,-0.501421140021678
0.0398107170553497,0.00316227766016838,-0.501421207729342
0.0398107170553497,0.00398107170553497,-0.501421275394312
0.0398107170553497,0.00501187233627272,-0.501421378404595
0.0398107170553497,0.00630957344480193,-0.501421453605037
0.0398107170553497,0.00794328234724281,-0.501421603144041
0.0398107170553497,0.01,-0.50142177934747
0.0398107170553497,0.0125892541179417,-0.501422010534635
0.0398107170553497,0.0158489319246111,-0.501422293613438
0.0398107170553497,0.0199526231496888,-0.501422657795829
0.0398107170553497,0.0251188643150958,-0.501423110682196
0.0398107170553497,0.0316227766016838,-0.501423684513585
0.0398107170553497,0.0398107170553497,-0.501424409150121
0.0398107170553497,0.0501187233627272,-0.501425323146803
0.0398107170553497,0.0630957344480193,-0.501426473547676
0.0398107170553497,0.0794328234724281,-0.501427920970409
0.0398107170553497,0.1,-0.50142974072107
0.0398107170553497,0.125892541179417,-0.501432025779685
0.0398107170553497,0.158489319246111,-0.501434889744821
0.0398107170553497,0.199526231496888,-0.501438470527061
0.0398107170553497,0.251188643150958,-0.501442933309456
0.0398107170553497,0.316227766016838,-0.50144847408074
0.0398107170553497,0.398107170553497,-0.501438335907233
0.0398107170553497,0.501187233627272,-0.501439604960445
0.0398107170553497,0.630957344480193,-0.50144252481127
0.0398107170553497,0.794328234724281,-0.501448008598494
0.0398107170553497,1,-0.501457321175486

0.0501187233627272,0.0001,-0.501430743765759
0.0501187233627272,0.000125892541179417,-0.501430746421886
0.0501187233627272,0.000158489319246111,-0.50143074967727
0.0501187233627272,0.000199526231496888,-0.501430752037364
0.0501187233627272,0.000251188643150958,-0.501430757370705
0.0501187233627272,0.000316227766016838,-0.501430762780462
0.0501187233627272,0.000398107170553497,-0.501430771390256
0.0501187233627272,0.000501187233627273,-0.501430782976916
0.0501187233627272,0.000630957344480193,-0.501430797095096
0.0501187233627272,0.000794328234724281,-0.501430805059465
0.0501187233627272,0.001,-0.501430825504725
0.0501187233627272,0.00125892541179417,-0.501430864339324
0.0501187233627272,0.00158489319246111,-0.501430890692644
0.0501187233627272,0.00199526231496888,-0.501430917141322
0.0501187233627272,0.00251188643150958,-0.501430947130989
0.0501187233627272,0.00316227766016838,-0.501431009166883
0.0501187233627272,0.00398107170553497,-0.501431065750614
0.0501187233627272,0.00501187233627272,-0.501431133355744
0.0501187233627272,0.00630957344480193,-0.501431253237236
0.0501187233627272,0.00794328234724281,-0.501431390310197
0.0501187233627272,0.01,-0.501431573583029
0.0501187233627272,0.0125892541179417,-0.501431802238511
0.0501187233627272,0.0158489319246111,-0.501432083258399
0.0501187233627272,0.0199526231496888,-0.501432441344924
0.0501187233627272,0.0251188643150958,-0.501432895581965
0.0501187233627272,0.0316227766016838,-0.501433464162274
0.0501187233627272,0.0398107170553497,-0.501434181904362
0.0501187233627272,0.0501187233627272,-0.501435085305126
0.0501187233627272,0.0630957344480193,-0.501436220019684
0.0501187233627272,0.0794328234724281,-0.501437644361246
0.0501187233627272,0.1,-0.501439430616832
0.0501187233627272,0.125892541179417,-0.501441667945836
0.0501187233627272,0.158489319246111,-0.501444465381816
0.0501187233627272,0.199526231496888,-0.501447955772406
0.0501187233627272,0.251188643150958,-0.501452299424695
0.0501187233627272,0.316227766016838,-0.501457688263619
0.0501187233627272,0.398107170553497,-0.501449702067475
0.0501187233627272,0.501187233627272,-0.501451079703061
0.0501187233627272,0.630957344480193,-0.501454064381727
0.0501187233627272,0.794328234724281,-0.501459550118117
0.0501187233627272,1,-0.501468785002392

0.0630957344480193,0.0001,-0.501442885270986
0.0630957344480193,0.000125892541179417,-0.501442888153518
0.0630957344480193,0.000158489319246111,-0.501442892012739
0.0630957344480193,0.000199526231496888,-0.501442897037847
0.0630957344480193,0.000251188643150958,-0.501442903367198
0.0630957344480193,0.000316227766016838,-0.501442911885099
0.0630957344480193,0.000398107170553497,-0.501442908862039
0.0630957344480193,0.000501187233627273,-0.50144291723476
0.0630957344480193,0.000630957344480193,-0.501442936296913
0.0630957344480193,0.000794328234724281,-0.501442962313665
0.0630957344480193,0.001,-0.501442979908035
0.0630957344480193,0.00125892541179417,-0.501443005188357
0.0630957344480193,0.00158489319246111,-0.501443037824414
0.0630957344480193,0.00199526231496888,-0.501443004607947
0.0630957344480193,0.00251188643150958,-0.501443049437909
0.0630957344480193,0.00316227766016838,-0.50144310342525
0.0630957344480193,0.00398107170553497,-0.501443173944744
0.0630957344480193,0.00501187233627272,-0.501443265380761
0.0630957344480193,0.00630957344480193,-0.501443368967164
0.0630957344480193,0.00794328234724281,-0.501443510483707
0.0630957344480193,0.01,-0.50144369061335
0.0630957344480193,0.0125892541179417,-0.501443902851654
0.0630957344480193,0.0158489319246111,-0.501444182918033
0.0630957344480193,0.0199526231496888,-0.501444527346629
0.0630957344480193,0.0251188643150958,-0.501444966370018
0.0630957344480193,0.0316227766016838,-0.50144551938332
0.0630957344480193,0.0398107170553497,-0.501446216504208
0.0630957344480193,0.0501187233627272,-0.501447091839908
0.0630957344480193,0.0630957344480193,-0.501448190612042
0.0630957344480193,0.0794328234724281,-0.501449568860847
0.0630957344480193,0.1,-0.501451296042092
0.0630957344480193,0.125892541179417,-0.501453457942619
0.0630957344480193,0.158489319246111,-0.501456159744908
0.0630957344480193,0.199526231496888,-0.501459530195691
0.0630957344480193,0.251188643150958,-0.501463725796866
0.0630957344480193,0.316227766016838,-0.501468935878388
0.0630957344480193,0.398107170553497,-0.501475389266629
0.0630957344480193,0.501187233627272,-0.501464121375796
0.0630957344480193,0.630957344480193,-0.501467267344341
0.0630957344480193,0.794328234724281,-0.501472848609878
0.0630957344480193,1,-0.501480353394627

0.0794328234724281,0.0001,-0.501457616828899
0.0794328234724281,0.000125892541179417,-0.501457619991238
0.0794328234724281,0.000158489319246111,-0.501457623875504
0.0794328234724281,0.000199526231496888,-0.501457630067639
0.0794328234724281,0.000251188643150958,-0.501457629677154
0.0794328234724281,0.000316227766016838,-0.501457639972537
0.0794328234724281,0.000398107170553497,-0.501457623370439
0.0794328234724281,0.000501187233627273,-0.501457632392969
0.0794328234724281,0.000630957344480193,-0.501457643252439
0.0794328234724281,0.000794328234724281,-0.501457658801888
0.0794328234724281,0.001,-0.501457671975827
0.0794328234724281,0.00125892541179417,-0.501457692382016
0.0794328234724281,0.00158489319246111,-0.501457715454277
0.0794328234724281,0.00199526231496888,-0.501457769984677
0.0794328234724281,0.00251188643150958,-0.501457778941351
0.0794328234724281,0.00316227766016838,-0.501457838701767
0.0794328234724281,0.00398107170553497,-0.501457874274588
0.0794328234724281,0.00501187233627272,-0.501457962094659
0.0794328234724281,0.00630957344480193,-0.501458075284766
0.0794328234724281,0.00794328234724281,-0.501458212698276
0.0794328234724281,0.01,-0.50145837032048
0.0794328234724281,0.0125892541179417,-0.50145858038055
0.0794328234724281,0.0158489319246111,-0.501458851081191
0.0794328234724281,0.0199526231496888,-0.501459179345747
0.0794328234724281,0.0251188643150958,-0.501459597697685
0.0794328234724281,0.0316227766016838,-0.501460127401033
0.0794328234724281,0.0398107170553497,-0.501460794441079
0.0794328234724281,0.0501187233627272,-0.501461632257543
0.0794328234724281,0.0630957344480193,-0.501462684044409
0.0794328234724281,0.0794328234724281,-0.501464003602087
0.0794328234724281,0.1,-0.50146565773872
0.0794328234724281,0.125892541179417,-0.501467729213636
0.0794328234724281,0.158489319246111,-0.5014703199823
0.0794328234724281,0.199526231496888,-0.501473555412489
0.0794328234724281,0.251188643150958,-0.501477589497011
0.0794328234724281,0.316227766016838,-0.501482610405384
0.0794328234724281,0.398107170553497,-0.501488848917177
0.0794328234724281,0.501187233627272,-0.50149658927576
0.0794328234724281,0.630957344480193,-0.501482255595212
0.0794328234724281,0.794328234724281,-0.501487581407643
0.0794328234724281,1,-0.501511432198588

0.1,0.0001,-0.501475277665118
0.1,0.000125892541179417,-0.501475280126699
0.1,0.000158489319246111,-0.501475283164373
0.1,0.000199526231496888,-0.501475286519751
0.1,0.000251188643150958,-0.501475291698609
0.1,0.000316227766016838,-0.501475298215347
0.1,0.000398107170553497,-0.50147528665221
0.1,0.000501187233627273,-0.501475295742014
0.1,0.000630957344480193,-0.501475305490295
0.1,0.000794328234724281,-0.50147531757483
0.1,0.001,-0.501475330879908
0.1,0.00125892541179417,-0.50147537156338
0.1,0.00158489319246111,-0.501475460971826
0.1,0.00199526231496888,-0.501475475299597
0.1,0.00251188643150958,-0.501475410634985
0.1,0.00316227766016838,-0.501475486662228
0.1,0.00398107170553497,-0.501475521763809
0.1,0.00501187233627272,-0.501475605846345
0.1,0.00630957344480193,-0.501475720427578
0.1,0.00794328234724281,-0.501475831866861
0.1,0.01,-0.501475993093631
0.1,0.0125892541179417,-0.501476195489235
0.1,0.0158489319246111,-0.501476443424147
0.1,0.0199526231496888,-0.501476762944591
0.1,0.0251188643150958,-0.50147715945436
0.1,0.0316227766016838,-0.501477663451498
0.1,0.0398107170553497,-0.501478298604522
0.1,0.0501187233627272,-0.50147909671903
0.1,0.0630957344480193,-0.501480099232704
0.1,0.0794328234724281,-0.501481357891814
0.1,0.1,-0.501482937173618
0.1,0.125892541179417,-0.501484917341524
0.1,0.158489319246111,-0.501487397703378
0.1,0.199526231496888,-0.501490501601757
0.1,0.251188643150958,-0.501494381639421
0.1,0.316227766016838,-0.501499227041888
0.1,0.398107170553497,-0.501505272877338
0.1,0.501187233627272,-0.501511432198588
0.1,0.630957344480193,-0.501511432198588
0.1,0.794328234724281,-0.501511432198588
0.1,1,-0.501511432198588

0.125892541179417,0.0001,-0.501496455539069
0.125892541179417,0.000125892541179417,-0.501496457860906
0.125892541179417,0.000158489319246111,-0.501496460759359
0.125892541179417,0.000199526231496888,-0.501496464692578
0.125892541179417,0.000251188643150958,-0.50149646679163
0.125892541179417,0.000316227766016838,-0.501496472371256
0.125892541179417,0.000398107170553497,-0.501496480005257
0.125892541179417,0.000501187233627273,-0.501496489019944
0.125892541179417,0.000630957344480193,-0.501496502916491
0.125892541179417,0.000794328234724281,-0.501496489678803
0.125892541179417,0.001,-0.501496504200675
0.125892541179417,0.00125892541179417,-0.501496524592263
0.125892541179417,0.00158489319246111,-0.501496625225865
0.125892541179417,0.00199526231496888,-0.5014965264862
0.125892541179417,0.00251188643150958,-0.501496574747972
0.125892541179417,0.00316227766016838,-0.501496599760486
0.125892541179417,0.00398107170553497,-0.501496662972667
0.125892541179417,0.00501187233627272,-0.501496746236619
0.125892541179417,0.00630957344480193,-0.501496853981335
0.125892541179417,0.00794328234724281,-0.501496955712154
0.125892541179417,0.01,-0.501497111403214
0.125892541179417,0.0125892541179417,-0.501497294449892
0.125892541179417,0.0158489319246111,-0.501497536485761
0.125892541179417,0.0199526231496888,-0.501497841465162
0.125892541179417,0.0251188643150958,-0.50149822058177
0.125892541179417,0.0316227766016838,-0.501498700663181
0.125892541179417,0.0398107170553497,-0.501499308020832
0.125892541179417,0.0501187233627272,-0.501500071719338
0.125892541179417,0.0630957344480193,-0.501501031818631
0.125892541179417,0.0794328234724281,-0.501502238520374
0.125892541179417,0.1,-0.501503754670022
0.125892541179417,0.125892541179417,-0.501505658882223
0.125892541179417,0.158489319246111,-0.501508049170286
0.125892541179417,0.199526231496888,-0.501511048308834
0.125892541179417,0.251188643150958,-0.501511432198588
0.125892541179417,0.316227766016838,-0.501511432198588
0.125892541179417,0.398107170553497,-0.501511432198588
0.125892541179417,0.501187233627272,-0.501511432198588
0.125892541179417,0.630957344480193,-0.501511432198588
0.125892541179417,0.794328234724281,-0.501511432198588
0.125892541179417,1,-0.501511432198588

0.158489319246111,0.0001,-0.501511507257217
0.158489319246111,0.000125892541179417,-0.501511507407214
0.158489319246111,0.000158489319246111,-0.501511523086562
0.158489319246111,0.000199526231496888,-0.501511523413373
0.158489319246111,0.000251188643150958,-0.501511523745005
0.158489319246111,0.000316227766016838,-0.501511510442583
0.158489319246111,0.000398107170553497,-0.501511509821495
0.158489319246111,0.000501187233627273,-0.501511511003838
0.158489319246111,0.000630957344480193,-0.501511505867844
0.158489319246111,0.000794328234724281,-0.501511500121741
0.158489319246111,0.001,-0.501511499775706
0.158489319246111,0.00125892541179417,-0.501511541234883
0.158489319246111,0.00158489319246111,-0.501511638753611
0.158489319246111,0.00199526231496888,-0.501511556386438
0.158489319246111,0.00251188643150958,-0.501511446017531
0.158489319246111,0.00316227766016838,-0.501511447272372
0.158489319246111,0.00398107170553497,-0.501511448810348
0.158489319246111,0.00501187233627272,-0.501511454639426
0.158489319246111,0.00630957344480193,-0.501511460210531
0.158489319246111,0.00794328234724281,-0.501511444422745
0.158489319246111,0.01,-0.501511447843636
0.158489319246111,0.0125892541179417,-0.501511454999139
0.158489319246111,0.0158489319246111,-0.501511441620003
0.158489319246111,0.0199526231496888,-0.501511442742322
0.158489319246111,0.0251188643150958,-0.501511435944251
0.158489319246111,0.0316227766016838,-0.501511433042387
0.158489319246111,0.0398107170553497,-0.501511433007028
0.158489319246111,0.0501187233627272,-0.501511432822915
0.158489319246111,0.0630957344480193,-0.501511432526947
0.158489319246111,0.0794328234724281,-0.501511432336157
0.158489319246111,0.1,-0.501511432198588
0.158489319246111,0.125892541179417,-0.501511432198588
0.158489319246111,0.158489319246111,-0.501511432198588
0.158489319246111,0.199526231496888,-0.501511432198588
0.158489319246111,0.251188643150958,-0.501511432198588
0.158489319246111,0.316227766016838,-0.501511432198588
0.158489319246111,0.398107170553497,-0.501511432198588
0.158489319246111,0.501187233627272,-0.501511432198588
0.158489319246111,0.630957344480193,-0.501511432198588
0.158489319246111,0.794328234724281,-0.501511432198588
0.158489319246111,1,-0.501511432198588

0.199526231496888,0.0001,-0.501511490231003
0.199526231496888,0.000125892541179417,-0.501511490434959
0.199526231496888,0.000158489319246111,-0.501511490568103
0.199526231496888,0.000199526231496888,-0.501511490668053
0.199526231496888,0.000251188643150958,-0.501511491793822
0.199526231496888,0.000316227766016838,-0.501511492279641
0.199526231496888,0.000398107170553497,-0.501511486125363
0.199526231496888,0.000501187233627273,-0.501511483596793
0.199526231496888,0.000630957344480193,-0.50151148734656
0.199526231496888,0.000794328234724281,-0.501511489546495
0.199526231496888,0.001,-0.501511501361895
0.199526231496888,0.00125892541179417,-0.501511511437684
0.199526231496888,0.00158489319246111,-0.50151149630547
0.199526231496888,0.00199526231496888,-0.501511523944407
0.199526231496888,0.00251188643150958,-0.501511443353942
0.199526231496888,0.00316227766016838,-0.501511442872639
0.199526231496888,0.00398107170553497,-0.501511444755882
0.199526231496888,0.00501187233627272,-0.501511448871527
0.199526231496888,0.00630957344480193,-0.501511456931672
0.199526231496888,0.00794328234724281,-0.501511444448665
0.199526231496888,0.01,-0.501511448861886
0.199526231496888,0.0125892541179417,-0.501511451095347
0.199526231496888,0.0158489319246111,-0.501511440530464
0.199526231496888,0.0199526231496888,-0.501511442212596
0.199526231496888,0.0251188643150958,-0.501511435821099
0.199526231496888,0.0316227766016838,-0.501511432797809
0.199526231496888,0.0398107170553497,-0.501511432869925
0.199526231496888,0.0501187233627272,-0.501511432689222
0.199526231496888,0.0630957344480193,-0.50151143252804
0.199526231496888,0.0794328234724281,-0.501511432299065
0.199526231496888,0.1,-0.501511432198588
0.199526231496888,0.125892541179417,-0.501511432198588
0.199526231496888,0.158489319246111,-0.501511432198588
0.199526231496888,0.199526231496888,-0.501511432198588
0.199526231496888,0.251188643150958,-0.501511432198588
0.199526231496888,0.316227766016838,-0.501511432198588
0.199526231496888,0.398107170553497,-0.501511432198588
0.199526231496888,0.501187233627272,-0.501511432198588
0.199526231496888,0.630957344480193,-0.501511432198588
0.199526231496888,0.794328234724281,-0.501511432198588
0.199526231496888,1,-0.501511432198588

0.251188643150958,0.0001,-0.501511496054158
0.251188643150958,0.000125892541179417,-0.501511496602812
0.251188643150958,0.000158489319246111,-0.501511497169441
0.251188643150958,0.000199526231496888,-0.501511497735214
0.251188643150958,0.000251188643150958,-0.501511498902204
0.251188643150958,0.000316227766016838,-0.501511497840264
0.251188643150958,0.000398107170553497,-0.50151150112249
0.251188643150958,0.000501187233627273,-0.501511506530392
0.251188643150958,0.000630957344480193,-0.501511517818195
0.251188643150958,0.000794328234724281,-0.501511524376816
0.251188643150958,0.001,-0.501511531821969
0.251188643150958,0.00125892541179417,-0.501511631910158
0.251188643150958,0.00158489319246111,-0.501511539622488
0.251188643150958,0.00199526231496888,-0.501511595913506
0.251188643150958,0.00251188643150958,-0.501511457293704
0.251188643150958,0.00316227766016838,-0.501511444269114
0.251188643150958,0.00398107170553497,-0.501511462929932
0.251188643150958,0.00501187233627272,-0.501511450725836
0.251188643150958,0.00630957344480193,-0.501511459488613
0.251188643150958,0.00794328234724281,-0.501511446278179
0.251188643150958,0.01,-0.501511451369613
0.251188643150958,0.0125892541179417,-0.501511445524838
0.251188643150958,0.0158489319246111,-0.501511438028137
0.251188643150958,0.0199526231496888,-0.501511440111719
0.251188643150958,0.0251188643150958,-0.501511435338779
0.251188643150958,0.0316227766016838,-0.501511433036977
0.251188643150958,0.0398107170553497,-0.501511432708359
0.251188643150958,0.0501187233627272,-0.501511432752114
0.251188643150958,0.0630957344480193,-0.50151143248513
0.251188643150958,0.0794328234724281,-0.501511432281393
0.251188643150958,0.1,-0.501511432198588
0.251188643150958,0.125892541179417,-0.501511432198588
0.251188643150958,0.158489319246111,-0.501511432198588
0.251188643150958,0.199526231496888,-0.501511432198588
0.251188643150958,0.251188643150958,-0.501511432198588
0.251188643150958,0.316227766016838,-0.501511432198588
0.251188643150958,0.398107170553497,-0.501511432198588
0.251188643150958,0.501187233627272,-0.501511432198588
0.251188643150958,0.630957344480193,-0.501511432198588
0.251188643150958,0.794328234724281,-0.501511432198588
0.251188643150958,1,-0.501511432198588

0.316227766016838,0.0001,-0.501511523514677
0.316227766016838,0.000125892541179417,-0.501511528213187
0.316227766016838,0.000158489319246111,-0.501511535650345
0.316227766016838,0.000199526231496888,-0.501511548214676
0.316227766016838,0.000251188643150958,-0.501511570083347
0.316227766016838,0.000316227766016838,-0.501511575719799
0.316227766016838,0.000398107170553497,-0.501511583183597
0.316227766016838,0.000501187233627273,-0.501511591517245
0.316227766016838,0.000630957344480193,-0.501511604909667
0.316227766016838,0.000794328234724281,-0.501511635641597
0.316227766016838,0.001,-0.501511663527624
0.316227766016838,0.00125892541179417,-0.501511453730269
0.316227766016838,0.00158489319246111,-0.501511454055339
0.316227766016838,0.00199526231496888,-0.501511480313594
0.316227766016838,0.00251188643150958,-0.50151145465758
0.316227766016838,0.00316227766016838,-0.501511452121577
0.316227766016838,0.00398107170553497,-0.501511467661551
0.316227766016838,0.00501187233627272,-0.501511457011992
0.316227766016838,0.00630957344480193,-0.501511468144326
0.316227766016838,0.00794328234724281,-0.501511449107623
0.316227766016838,0.01,-0.501511441204247
0.316227766016838,0.0125892541179417,-0.501511445991959
0.316227766016838,0.0158489319246111,-0.501511438344624
0.316227766016838,0.0199526231496888,-0.501511440640163
0.316227766016838,0.0251188643150958,-0.501511434178391
0.316227766016838,0.0316227766016838,-0.501511432820566
0.316227766016838,0.0398107170553497,-0.501511432975398
0.316227766016838,0.0501187233627272,-0.501511432559563
0.316227766016838,0.0630957344480193,-0.501511432403654
0.316227766016838,0.0794328234724281,-0.501511432198588
0.316227766016838,0.1,-0.501511432198588
0.316227766016838,0.125892541179417,-0.501511432198588
0.316227766016838,0.158489319246111,-0.501511432198588
0.316227766016838,0.199526231496888,-0.501511432198588
0.316227766016838,0.251188643150958,-0.501511432198588
0.316227766016838,0.316227766016838,-0.501511432198588
0.316227766016838,0.398107170553497,-0.501511432198588
0.316227766016838,0.501187233627272,-0.501511432198588
0.316227766016838,0.630957344480193,-0.501511432198588
0.316227766016838,0.794328234724281,-0.501511432198588
0.316227766016838,1,-0.501511432198588

0.398107170553497,0.0001,-0.50151147005444
0.398107170553497,0.000125892541179417,-0.501511470317613
0.398107170553497,0.000158489319246111,-0.501511470584651
0.398107170553497,0.000199526231496888,-0.501511471038047
0.398107170553497,0.000251188643150958,-0.50151147190265
0.398107170553497,0.000316227766016838,-0.501511482398778
0.398107170553497,0.000398107170553497,-0.501511483286298
0.398107170553497,0.000501187233627273,-0.501511483248556
0.398107170553497,0.000630957344480193,-0.501511471620772
0.398107170553497,0.000794328234724281,-0.501511462752576
0.398107170553497,0.001,-0.501511434153344
0.398107170553497,0.00125892541179417,-0.501511461000746
0.398107170553497,0.00158489319246111,-0.501511452190946
0.398107170553497,0.00199526231496888,-0.501511473228789
0.398107170553497,0.00251188643150958,-0.501511501105674
0.398107170553497,0.00316227766016838,-0.501511469854931
0.398107170553497,0.00398107170553497,-0.501511481825549
0.398107170553497,0.00501187233627272,-0.501511467806377
0.398107170553497,0.00630957344480193,-0.5015114836807
0.398107170553497,0.00794328234724281,-0.501511439495123
0.398107170553497,0.01,-0.501511443115716
0.398107170553497,0.0125892541179417,-0.501511447160138
0.398107170553497,0.0158489319246111,-0.501511438888972
0.398107170553497,0.0199526231496888,-0.501511441435572
0.398107170553497,0.0251188643150958,-0.501511434239196
0.398107170553497,0.0316227766016838,-0.501511432844243
0.398107170553497,0.0398107170553497,-0.501511432604498
0.398107170553497,0.0501187233627272,-0.501511432628388
0.398107170553497,0.0630957344480193,-0.501511432433514
0.398107170553497,0.0794328234724281,-0.501511432198588
0.398107170553497,0.1,-0.501511432198588
0.398107170553497,0.125892541179417,-0.501511432198588
0.398107170553497,0.158489319246111,-0.501511432198588
0.398107170553497,0.199526231496888,-0.501511432198588
0.398107170553497,0.251188643150958,-0.501511432198588
0.398107170553497,0.316227766016838,-0.501511432198588
0.398107170553497,0.398107170553497,-0.501511432198588
0.398107170553497,0.501187233627272,-0.501511432198588
0.398107170553497,0.630957344480193,-0.501511432198588
0.398107170553497,0.794328234724281,-0.501511432198588
0.398107170553497,1,-0.501511432198588

0.501187233627272,0.0001,-0.501511488756796
0.501187233627272,0.000125892541179417,-0.501511488759492
0.501187233627272,0.000158489319246111,-0.501511487953052
0.501187233627272,0.000199526231496888,-0.501511487615109
0.501187233627272,0.000251188643150958,-0.501511488025031
0.501187233627272,0.000316227766016838,-0.501511488599698
0.501187233627272,0.000398107170553497,-0.50151148934796
0.501187233627272,0.000501187233627273,-0.501511490076835
0.501187233627272,0.000630957344480193,-0.501511491513819
0.501187233627272,0.000794328234724281,-0.501511492646082
0.501187233627272,0.001,-0.501511497167428
0.501187233627272,0.00125892541179417,-0.50151155947881
0.501187233627272,0.00158489319246111,-0.501511498849884
0.501187233627272,0.00199526231496888,-0.501511514191882
0.501187233627272,0.00251188643150958,-0.501511480489107
0.501187233627272,0.00316227766016838,-0.501511468789399
0.501187233627272,0.00398107170553497,-0.501511487032209
0.501187233627272,0.00501187233627272,-0.501511451851184
0.501187233627272,0.00630957344480193,-0.501511438409055
0.501187233627272,0.00794328234724281,-0.501511441209478
0.501187233627272,0.01,-0.501511444669449
0.501187233627272,0.0125892541179417,-0.501511449110164
0.501187233627272,0.0158489319246111,-0.501511439677329
0.501187233627272,0.0199526231496888,-0.501511444004136
0.501187233627272,0.0251188643150958,-0.50151143438789
0.501187233627272,0.0316227766016838,-0.501511432914036
0.501187233627272,0.0398107170553497,-0.501511432593009
0.501187233627272,0.0501187233627272,-0.501511432385936
0.501187233627272,0.0630957344480193,-0.501511432399054
0.501187233627272,0.0794328234724281,-0.501511432198588
0.501187233627272,0.1,-0.501511432198588
0.501187233627272,0.125892541179417,-0.501511432198588
0.501187233627272,0.158489319246111,-0.501511432198588
0.501187233627272,0.199526231496888,-0.501511432198588
0.501187233627272,0.251188643150958,-0.501511432198588
0.501187233627272,0.316227766016838,-0.501511432198588
0.501187233627272,0.398107170553497,-0.501511432198588
0.501187233627272,0.501187233627272,-0.501511432198588
0.501187233627272,0.630957344480193,-0.501511432198588
0.501187233627272,0.794328234724281,-0.501511432198588
0.501187233627272,1,-0.501511432198588

0.630957344480193,0.0001,-0.501511523118166
0.630957344480193,0.000125892541179417,-0.50151152316068
0.630957344480193,0.000158489319246111,-0.501511523781709
0.630957344480193,0.000199526231496888,-0.501511524545584
0.630957344480193,0.000251188643150958,-0.501511525536912
0.630957344480193,0.000316227766016838,-0.501511526739071
0.630957344480193,0.000398107170553497,-0.50151152599699
0.630957344480193,0.000501187233627273,-0.501511528143064
0.630957344480193,0.000630957344480193,-0.501511541691786
0.630957344480193,0.000794328234724281,-0.501511616114945
0.630957344480193,0.001,-0.501511545794123
0.630957344480193,0.00125892541179417,-0.501511550884583
0.630957344480193,0.00158489319246111,-0.501511449884886
0.630957344480193,0.00199526231496888,-0.501511529705188
0.630957344480193,0.00251188643150958,-0.501511448675009
0.630957344480193,0.00316227766016838,-0.501511459564381
0.630957344480193,0.00398107170553497,-0.501511462108035
0.630957344480193,0.00501187233627272,-0.501511461773388
0.630957344480193,0.00630957344480193,-0.501511439880029
0.630957344480193,0.00794328234724281,-0.501511443115357
0.630957344480193,0.01,-0.501511447103296
0.630957344480193,0.0125892541179417,-0.501511452332435
0.630957344480193,0.0158489319246111,-0.501511440313976
0.630957344480193,0.0199526231496888,-0.501511433991665
0.630957344480193,0.0251188643150958,-0.501511434521768
0.630957344480193,0.0316227766016838,-0.501511432947588
0.630957344480193,0.0398107170553497,-0.50151143262166
0.630957344480193,0.0501187233627272,-0.50151143235866
0.630957344480193,0.0630957344480193,-0.501511432400823
0.630957344480193,0.0794328234724281,-0.501511432198588
0.630957344480193,0.1,-0.501511432198588
0.630957344480193,0.125892541179417,-0.501511432198588
0.630957344480193,0.158489319246111,-0.501511432198588
0.630957344480193,0.199526231496888,-0.501511432198588
0.630957344480193,0.251188643150958,-0.501511432198588
0.630957344480193,0.316227766016838,-0.501511432198588
0.630957344480193,0.398107170553497,-0.501511432198588
0.630957344480193,0.501187233627272,-0.501511432198588
0.630957344480193,0.630957344480193,-0.501511432198588
0.630957344480193,0.794328234724281,-0.501511432198588
0.630957344480193,1,-0.501511432198588

0.794328234724281,0.0001,-0.50151147356961
0.794328234724281,0.000125892541179417,-0.50151147388679
0.794328234724281,0.000158489319246111,-0.501511474284377
0.794328234724281,0.000199526231496888,-0.501511474164888
0.794328234724281,0.000251188643150958,-0.501511474473359
0.794328234724281,0.000316227766016838,-0.501511475178743
0.794328234724281,0.000398107170553497,-0.501511476114026
0.794328234724281,0.000501187233627273,-0.50151147742283
0.794328234724281,0.000630957344480193,-0.501511478797507
0.794328234724281,0.000794328234724281,-0.501511482519229
0.794328234724281,0.001,-0.501511451996237
0.794328234724281,0.00125892541179417,-0.501511436094753
0.794328234724281,0.00158489319246111,-0.501511465143411
0.794328234724281,0.00199526231496888,-0.501511471385398
0.794328234724281,0.00251188643150958,-0.501511473333398
0.794328234724281,0.00316227766016838,-0.501511481072243
0.794328234724281,0.00398107170553497,-0.501511482979943
0.794328234724281,0.00501187233627272,-0.501511439255318
0.794328234724281,0.00630957344480193,-0.501511442178747
0.794328234724281,0.00794328234724281,-0.501511445908708
0.794328234724281,0.01,-0.501511450413321
0.794328234724281,0.0125892541179417,-0.501511439824521
0.794328234724281,0.0158489319246111,-0.50151144200448
0.794328234724281,0.0199526231496888,-0.501511433931808
0.794328234724281,0.0251188643150958,-0.501511434721659
0.794328234724281,0.0316227766016838,-0.50151143301346
0.794328234724281,0.0398107170553497,-0.501511432599516
0.794328234724281,0.0501187233627272,-0.501511432360536
0.794328234724281,0.0630957344480193,-0.501511432403203
0.794328234724281,0.0794328234724281,-0.501511432198588
0.794328234724281,0.1,-0.501511432198588
0.794328234724281,0.125892541179417,-0.501511432198588
0.794328234724281,0.158489319246111,-0.501511432198588
0.794328234724281,0.199526231496888,-0.501511432198588
0.794328234724281,0.251188643150958,-0.501511432198588
0.794328234724281,0.316227766016838,-0.501511432198588
0.794328234724281,0.398107170553497,-0.501511432198588
0.794328234724281,0.501187233627272,-0.501511432198588
0.794328234724281,0.630957344480193,-0.501511432198588
0.794328234724281,0.794328234724281,-0.501511432198588
0.794328234724281,1,-0.501511432198588

1,0.0001,-0.501511495029767
1,0.000125892541179417,-0.501511495476367
1,0.000158489319246111,-0.501511495996128
1,0.000199526231496888,-0.501511459561868
1,0.000251188643150958,-0.50151146049601
1,0.000316227766016838,-0.501511461540245
1,0.000398107170553497,-0.501511463554909
1,0.000501187233627273,-0.501511466812374
1,0.000630957344480193,-0.501511470622089
1,0.000794328234724281,-0.501511485601595
1,0.001,-0.501511485240078
1,0.00125892541179417,-0.501511485546422
1,0.00158489319246111,-0.50151149150942
1,0.00199526231496888,-0.50151149963079
1,0.00251188643150958,-0.501511511312352
1,0.00316227766016838,-0.501511442054478
1,0.00398107170553497,-0.501511445754353
1,0.00501187233627272,-0.501511442289409
1,0.00630957344480193,-0.501511446050041
1,0.00794328234724281,-0.501511450152567
1,0.01,-0.50151145514242
1,0.0125892541179417,-0.501511441186715
1,0.0158489319246111,-0.501511436127003
1,0.0199526231496888,-0.501511433824103
1,0.0251188643150958,-0.501511434628607
1,0.0316227766016838,-0.501511433100889
1,0.0398107170553497,-0.501511432615314
1,0.0501187233627272,-0.501511432362946
1,0.0630957344480193,-0.50151143240622
1,0.0794328234724281,-0.501511432198588
1,0.1,-0.501511432198588
1,0.125892541179417,-0.501511432198588
1,0.158489319246111,-0.501511432198588
1,0.199526231496888,-0.501511432198588
1,0.251188643150958,-0.501511432198588
1,0.316227766016838,-0.501511432198588
1,0.398107170553497,-0.501511432198588
1,0.501187233627272,-0.501511432198588
1,0.630957344480193,-0.501511432198588
1,0.794328234724281,-0.501511432198588
1,1,-0.501511432198588

