rmin,rmax,E0
0.0025,3,-0.423763044905626
0.0025,3.12316914057009,-0.436790885575896
0.0025,3.2513951602031,-0.447964521196965
0.0025,3.38488567604843,-0.457500830038843
0.0025,3.52385682926406,-0.465601881050427
0.0025,3.66853363498156,-0.47245941432764
0.0025,3.81915034663927,-0.477831135777027
0.0025,3.97595083527378,-0.482494511646741
0.0025,4.13918898438364,-0.486317145220153
0.0025,4.30912910100488,-0.489422313893537
0.0025,4.48604634366366,-0.491921773393531
0.0025,4.67022716789921,-0.493919432519707
0.0025,4.86196979007829,-0.495512925212982
0.0025,5.06158467025218,-0.496637753326539
0.0025,5.26939501483808,-0.497562100721232
0.0025,5.48573729993872,-0.498250970193749
0.0025,5.71096181614764,-0.498755567441743
0.0025,5.94543323572214,-0.499128590774561
0.0025,6.18953120304238,-0.499411101254236
0.0025,6.44365094931254,-0.499558801496934
0.0025,6.70820393249937,-0.499686197164713
0.0025,6.98361850354432,-0.49977087165891
0.0025,7.27034059992796,-0.499828083870187
0.0025,7.56883446770961,-0.499872338696815
0.0025,7.8795834132113,-0.499882075553882
0.0025,8.20309058556316,-0.499896169698427
0.0025,8.5398797913773,-0.499905126902848
0.0025,8.89049634286924,-0.499912381207078
0.0025,9.25550794080014,-0.499913461954558
0.0025,9.63550559366947,-0.499915845474785
0.0025,10.0311045746463,-0.499917631392261
0.0025,10.442945417789,-0.499919442594078
0.0025,10.8716949551654,-0.499919988233253
0.0025,11.3180473965547,-0.49992103108484
0.0025,11.7827254534765,-0.499922082461884
0.0025,12.2664815093691,-0.49992295829814
0.0025,12.7700988378118,-0.499923882509329
0.0025,13.2943928707612,-0.499924794273877
0.0025,13.8402125188588,-0.499925692065455
0.0025,14.4084415459439,-0.499926575306018
0.0025,15,-0.499927445434403

0.00280504613575491,3,-0.423763201488276
0.00280504613575491,3.12316914057009,-0.436791043823826
0.00280504613575491,3.2513951602031,-0.447964680268129
0.00280504613575491,3.38488567604843,-0.45750099240906
0.00280504613575491,3.52385682926406,-0.465602053792216
0.00280504613575491,3.66853363498156,-0.472459588765744
0.00280504613575491,3.81915034663927,-0.477831311713056
0.00280504613575491,3.97595083527378,-0.482494768884065
0.00280504613575491,4.13918898438364,-0.486317385765384
0.00280504613575491,4.30912910100488,-0.489422541237072
0.00280504613575491,4.48604634366366,-0.491921987050198
0.00280504613575491,4.67022716789921,-0.493919618641385
0.00280504613575491,4.86196979007829,-0.495513060132773
0.00280504613575491,5.06158467025218,-0.496637786276002
0.00280504613575491,5.26939501483808,-0.497561970725267
0.00280504613575491,5.48573729993872,-0.498251453922659
0.00280504613575491,5.71096181614764,-0.498755942996708
0.00280504613575491,5.94543323572214,-0.499128903285752
0.00280504613575491,6.18953120304238,-0.499411366796908
0.00280504613575491,6.44365094931254,-0.499559011020095
0.00280504613575491,6.70820393249937,-0.499686332976762
0.00280504613575491,6.98361850354432,-0.49977107126876
0.00280504613575491,7.27034059992796,-0.49982828453629
0.00280504613575491,7.56883446770961,-0.499872538453116
0.00280504613575491,7.8795834132113,-0.499882273592668
0.00280504613575491,8.20309058556316,-0.499896400048331
0.00280504613575491,8.5398797913773,-0.499905347856726
0.00280504613575491,8.89049634286924,-0.499912598115857
0.00280504613575491,9.25550794080014,-0.499913678948303
0.00280504613575491,9.63550559366947,-0.49991606069221
0.00280504613575491,10.0311045746463,-0.499917847997369
0.00280504613575491,10.442945417789,-0.499919657068749
0.00280504613575491,10.8716949551654,-0.499920203579857
0.00280504613575491,11.3180473965547,-0.499921245609372
0.00280504613575491,11.7827254534765,-0.499922295869039
0.00280504613575491,12.2664815093691,-0.499923171553609
0.00280504613575491,12.7700988378118,-0.499924094940946
0.00280504613575491,13.2943928707612,-0.499925005664065
0.00280504613575491,13.8402125188588,-0.499925902835221
0.00280504613575491,14.4084415459439,-0.499926785215825
0.00280504613575491,15,-0.499927654698817

0.00314731352948542,3,-0.423763377559663
0.00314731352948542,3.12316914057009,-0.436791221617301
0.00314731352948542,3.2513951602031,-0.447964859373583
0.00314731352948542,3.38488567604843,-0.457501174229071
0.00314731352948542,3.52385682926406,-0.46560224697746
0.00314731352948542,3.66853363498156,-0.472459782623193
0.00314731352948542,3.81915034663927,-0.477831505972874
0.00314731352948542,3.97595083527378,-0.482495057839689
0.00314731352948542,4.13918898438364,-0.486317655723667
0.00314731352948542,4.30912910100488,-0.489422796333297
0.00314731352948542,4.48604634366366,-0.491922226819767
0.00314731352948542,4.67022716789921,-0.493919828268942
0.00314731352948542,4.86196979007829,-0.495513212967889
0.00314731352948542,5.06158467025218,-0.496637826928415
0.00314731352948542,5.26939501483808,-0.497561831350862
0.00314731352948542,5.48573729993872,-0.498252004015642
0.00314731352948542,5.71096181614764,-0.498756367933901
0.00314731352948542,5.94543323572214,-0.49912925620291
0.00314731352948542,6.18953120304238,-0.499411666419909
0.00314731352948542,6.44365094931254,-0.499559248173016
0.00314731352948542,6.70820393249937,-0.499686488670174
0.00314731352948542,6.98361850354432,-0.499771295924213
0.00314731352948542,7.27034059992796,-0.4998285101497
0.00314731352948542,7.56883446770961,-0.49987276307914
0.00314731352948542,7.8795834132113,-0.499882496242085
0.00314731352948542,8.20309058556316,-0.499896850025972
0.00314731352948542,8.5398797913773,-0.499905593710268
0.00314731352948542,8.89049634286924,-0.499912841262099
0.00314731352948542,9.25550794080014,-0.49991392224105
0.00314731352948542,9.63550559366947,-0.499916302060183
0.00314731352948542,10.0311045746463,-0.49991809089631
0.00314731352948542,10.442945417789,-0.49991989760722
0.00314731352948542,10.8716949551654,-0.499920445109507
0.00314731352948542,11.3180473965547,-0.499921486248722
0.00314731352948542,11.7827254534765,-0.499922535282651
0.00314731352948542,12.2664815093691,-0.499923410810744
0.00314731352948542,12.7700988378118,-0.499924333293961
0.00314731352948542,13.2943928707612,-0.499925242867742
0.00314731352948542,13.8402125188588,-0.499926139359365
0.00314731352948542,14.4084415459439,-0.499927024908607
0.00314731352948542,15,-0.499927889569897

0.00353134386155689,3,-0.423763576175552
0.00353134386155689,3.12316914057009,-0.436791422204789
0.00353134386155689,3.2513951602031,-0.447965061729776
0.00353134386155689,3.38488567604843,-0.457501379641053
0.00353134386155689,3.52385682926406,-0.465602463762369
0.00353134386155689,3.66853363498156,-0.472459999018318
0.00353134386155689,3.81915034663927,-0.477831720946031
0.00353134386155689,3.97595083527378,-0.482495383154447
0.00353134386155689,4.13918898438364,-0.48631795945648
0.00353134386155689,4.30912910100488,-0.489423083266357
0.00353134386155689,4.48604634366366,-0.49192249671644
0.00353134386155689,4.67022716789921,-0.493920064686107
0.00353134386155689,4.86196979007829,-0.495513387289955
0.00353134386155689,5.06158467025218,-0.496637877785333
0.00353134386155689,5.26939501483808,-0.497561683686517
0.00353134386155689,5.48573729993872,-0.498252631562087
0.00353134386155689,5.71096181614764,-0.498756850703464
0.00353134386155689,5.94543323572214,-0.499129655787249
0.00353134386155689,6.18953120304238,-0.499412005324686
0.00353134386155689,6.44365094931254,-0.499559517550523
0.00353134386155689,6.70820393249937,-0.499686668148069
0.00353134386155689,6.98361850354432,-0.499771549570898
0.00353134386155689,7.27034059992796,-0.499828764666128
0.00353134386155689,7.56883446770961,-0.49987301632256
0.00353134386155689,7.8795834132113,-0.499882747305964
0.00353134386155689,8.20309058556316,-0.499897095644029
0.00353134386155689,8.5398797913773,-0.499905870015008
0.00353134386155689,8.89049634286924,-0.499913114526378
0.00353134386155689,9.25550794080014,-0.499914195731347
0.00353134386155689,9.63550559366947,-0.499916573445855
0.00353134386155689,10.0311045746463,-0.499918363950828
0.00353134386155689,10.442945417789,-0.499920168061268
0.00353134386155689,10.8716949551654,-0.499920716698736
0.00353134386155689,11.3180473965547,-0.49992175687146
0.00353134386155689,11.7827254534765,-0.499922804565126
0.00353134386155689,12.2664815093691,-0.499923679935435
0.00353134386155689,12.7700988378118,-0.499924601429518
0.00353134386155689,13.2943928707612,-0.499925509736502
0.00353134386155689,13.8402125188588,-0.499926405487876
0.00353134386155689,14.4084415459439,-0.499927289976964
0.00353134386155689,15,-0.499928153946961

0.00396223298115278,3,-0.423763801364696
0.00396223298115278,3.12316914057009,-0.4367916500631
0.00396223298115278,3.2513951602031,-0.447965291426573
0.00396223298115278,3.38488567604843,-0.457501611961891
0.00396223298115278,3.52385682926406,-0.465602708298059
0.00396223298115278,3.66853363498156,-0.472460241500962
0.00396223298115278,3.81915034663927,-0.477831958812599
0.00396223298115278,3.97595083527378,-0.482495750765024
0.00396223298115278,4.13918898438364,-0.486318302394528
0.00396223298115278,4.30912910100488,-0.489423407171269
0.00396223298115278,4.48604634366366,-0.49192280160083
0.00396223298115278,4.67022716789921,-0.493920332755325
0.00396223298115278,4.86196979007829,-0.495513587292317
0.00396223298115278,5.06158467025218,-0.496637942321966
0.00396223298115278,5.26939501483808,-0.497561529747665
0.00396223298115278,5.48573729993872,-0.498253351734136
0.00396223298115278,5.71096181614764,-0.498757401139618
0.00396223298115278,5.94543323572214,-0.499130109845174
0.00396223298115278,6.18953120304238,-0.499412390131838
0.00396223298115278,6.44365094931254,-0.499559824888618
0.00396223298115278,6.70820393249937,-0.499686876435527
0.00396223298115278,6.98361850354432,-0.499771837115996
0.00396223298115278,7.27034059992796,-0.499829052860193
0.00396223298115278,7.56883446770961,-0.499873302956644
0.00396223298115278,7.8795834132113,-0.499883031528004
0.00396223298115278,8.20309058556316,-0.499897373802937
0.00396223298115278,8.5398797913773,-0.499906181588572
0.00396223298115278,8.89049634286924,-0.49991342270575
0.00396223298115278,9.25550794080014,-0.499914504198613
0.00396223298115278,9.63550559366947,-0.499916879358701
0.00396223298115278,10.0311045746463,-0.499918670585617
0.00396223298115278,10.442945417789,-0.499920473218475
0.00396223298115278,10.8716949551654,-0.499921023140966
0.00396223298115278,11.3180473965547,-0.499922062265369
0.00396223298115278,11.7827254534765,-0.499923108506979
0.00396223298115278,12.2664815093691,-0.499923983723859
0.00396223298115278,12.7700988378118,-0.499924904140289
0.00396223298115278,13.2943928707612,-0.499925811054782
0.00396223298115278,13.8402125188588,-0.499926706003045
0.00396223298115278,14.4084415459439,-0.499927589330745
0.00396223298115278,15,-0.499928452587102

0.00444569852509731,3,-0.423764059471299
0.00444569852509731,3.12316914057009,-0.43679191130457
0.00444569852509731,3.2513951602031,-0.447965554452162
0.00444569852509731,3.38488567604843,-0.457501877758634
0.00444569852509731,3.52385682926406,-0.465602985859013
0.00444569852509731,3.66853363498156,-0.472460514523391
0.00444569852509731,3.81915034663927,-0.477832225952471
0.00444569852509731,3.97595083527378,-0.482496167991485
0.00444569852509731,4.13918898438364,-0.486318691456558
0.00444569852509731,4.30912910100488,-0.489423774629666
0.00444569852509731,4.48604634366366,-0.491923147816615
0.00444569852509731,4.67022716789921,-0.493920638682925
0.00444569852509731,4.86196979007829,-0.495513818269075
0.00444569852509731,5.06158467025218,-0.49663802536342
0.00444569852509731,5.26939501483808,-0.497561372854397
0.00444569852509731,5.48573729993872,-0.498254178276763
0.00444569852509731,5.71096181614764,-0.498758031585481
0.00444569852509731,5.94543323572214,-0.499130628063355
0.00444569852509731,6.18953120304238,-0.499412829155854
0.00444569852509731,6.44365094931254,-0.49956017750101
0.00444569852509731,6.70820393249937,-0.499687120071932
0.00444569852509731,6.98361850354432,-0.499772164805429
0.00444569852509731,7.27034059992796,-0.499829380886331
0.00444569852509731,7.56883446770961,-0.499873629027829
0.00444569852509731,7.8795834132113,-0.499883354952065
0.00444569852509731,8.20309058556316,-0.499897690150093
0.00444569852509731,8.5398797913773,-0.499906534531987
0.00444569852509731,8.89049634286924,-0.499913773351747
0.00444569852509731,9.25550794080014,-0.499914853703036
0.00444569852509731,9.63550559366947,-0.499917226391266
0.00444569852509731,10.0311045746463,-0.49991901963861
0.00444569852509731,10.442945417789,-0.499920819123801
0.00444569852509731,10.8716949551654,-0.499921370502885
0.00444569852509731,11.3180473965547,-0.499922408513436
0.00444569852509731,11.7827254534765,-0.499923453167016
0.00444569852509731,12.2664815093691,-0.499924328245881
0.00444569852509731,12.7700988378118,-0.499925247493859
0.00444569852509731,13.2943928707612,-0.499926152879774
0.00444569852509731,13.8402125188588,-0.499927046963834
0.00444569852509731,14.4084415459439,-0.499927929022963
0.00444569852509731,15,-0.499928791553137

0.0049881557874222,3,-0.423764358239928
0.0049881557874222,3.12316914057009,-0.436792213425503
0.0049881557874222,3.2513951602031,-0.44796585832738
0.0049881557874222,3.38488567604843,-0.457502183951809
0.0049881557874222,3.52385682926406,-0.465603303688671
0.0049881557874222,3.66853363498156,-0.472458848141297
0.0049881557874222,3.81915034663927,-0.477832527224491
0.0049881557874222,3.97595083527378,-0.482496644357841
0.0049881557874222,4.13918898438364,-0.486319135519197
0.0049881557874222,4.30912910100488,-0.489424194024592
0.0049881557874222,4.48604634366366,-0.491923543503753
0.0049881557874222,4.67022716789921,-0.493920990061234
0.0049881557874222,4.86196979007829,-0.495514087836664
0.0049881557874222,5.06158467025218,-0.496638133629266
0.0049881557874222,5.26939501483808,-0.497561218318087
0.0049881557874222,5.48573729993872,-0.498255134394274
0.0049881557874222,5.71096181614764,-0.49875875765177
0.0049881557874222,5.94543323572214,-0.499131222887088
0.0049881557874222,6.18953120304238,-0.49941333286056
0.0049881557874222,6.44365094931254,-0.499560584817216
0.0049881557874222,6.70820393249937,-0.499687407701064
0.0049881557874222,6.98361850354432,-0.499772540767288
0.0049881557874222,7.27034059992796,-0.499829743820543
0.0049881557874222,7.56883446770961,-0.499874002471648
0.0049881557874222,7.8795834132113,-0.499883725412568
0.0049881557874222,8.20309058556316,-0.499898053132105
0.0049881557874222,8.5398797913773,-0.499907226189237
0.0049881557874222,8.89049634286924,-0.499914171123053
0.0049881557874222,9.25550794080014,-0.499915252056702
0.0049881557874222,9.63550559366947,-0.499917622087895
0.0049881557874222,10.0311045746463,-0.499919417531424
0.0049881557874222,10.442945417789,-0.499921213569127
0.0049881557874222,10.8716949551654,-0.499921766607111
0.0049881557874222,11.3180473965547,-0.499922803432932
0.0049881557874222,11.7827254534765,-0.49992384637337
0.0049881557874222,12.2664815093691,-0.499924721332768
0.0049881557874222,12.7700988378118,-0.49992563932048
0.0049881557874222,13.2943928707612,-0.499926543043704
0.0049881557874222,13.8402125188588,-0.499927436195466
0.0049881557874222,14.4084415459439,-0.499928316872942
0.0049881557874222,15,-0.499929178678801

0.00559680284642085,3,-0.423764708384713
0.00559680284642085,3.12316914057009,-0.43679256717703
0.00559680284642085,3.2513951602031,-0.44796621408379
0.00559680284642085,3.38488567604843,-0.457502541306804
0.00559680284642085,3.52385682926406,-0.46560367176407
0.00559680284642085,3.66853363498156,-0.472459257588181
0.00559680284642085,3.81915034663927,-0.477832870877877
0.00559680284642085,3.97595083527378,-0.482497192229908
0.00559680284642085,4.13918898438364,-0.486319646204994
0.00559680284642085,4.30912910100488,-0.489424676557376
0.00559680284642085,4.48604634366366,-0.491923999509125
0.00559680284642085,4.67022716789921,-0.493921397551185
0.00559680284642085,4.86196979007829,-0.495514406137427
0.00559680284642085,5.06158467025218,-0.496638276518724
0.00559680284642085,5.26939501483808,-0.497561074662702
0.00559680284642085,5.48573729993872,-0.498256247711302
0.00559680284642085,5.71096181614764,-0.498759599501778
0.00559680284642085,5.94543323572214,-0.499131910171136
0.00559680284642085,6.18953120304238,-0.499413915091197
0.00559680284642085,6.44365094931254,-0.499561059210934
0.00559680284642085,6.70820393249937,-0.49968775082327
0.00559680284642085,6.98361850354432,-0.499772975728128
0.00559680284642085,7.27034059992796,-0.499830178171634
0.00559680284642085,7.56883446770961,-0.499874321053294
0.00559680284642085,7.8795834132113,-0.499884153244319
0.00559680284642085,8.20309058556316,-0.499898472652663
0.00559680284642085,8.5398797913773,-0.499907654725586
0.00559680284642085,8.89049634286924,-0.499914627872345
0.00559680284642085,9.25550794080014,-0.499915709517036
0.00559680284642085,9.63550559366947,-0.499918076705704
0.00559680284642085,10.0311045746463,-0.499919874518915
0.00559680284642085,10.442945417789,-0.499921666812194
0.00559680284642085,10.8716949551654,-0.499922221719234
0.00559680284642085,11.3180473965547,-0.499923257297549
0.00559680284642085,11.7827254534765,-0.499924298395039
0.00559680284642085,12.2664815093691,-0.499925173271682
0.00559680284642085,12.7700988378118,-0.499926089909588
0.00559680284642085,13.2943928707612,-0.499926991823077
0.00559680284642085,13.8402125188588,-0.499927883985695
0.00559680284642085,14.4084415459439,-0.499928763163156
0.00559680284642085,15,-0.49992962404448

0.00627971607877395,3,-0.423765124770474
0.00627971607877395,3.12316914057009,-0.436792987522506
0.00627971607877395,3.2513951602031,-0.447966635971126
0.00627971607877395,3.38488567604843,-0.457502963980443
0.00627971607877395,3.52385682926406,-0.46560410425491
0.00627971607877395,3.66853363498156,-0.472459731249581
0.00627971607877395,3.81915034663927,-0.477833268748449
0.00627971607877395,3.97595083527378,-0.482497828059706
0.00627971607877395,4.13918898438364,-0.48632023912099
0.00627971607877395,4.30912910100488,-0.48942523709086
0.00627971607877395,4.48604634366366,-0.491924530169171
0.00627971607877395,4.67022716789921,-0.493921874936176
0.00627971607877395,4.86196979007829,-0.495514554699733
0.00627971607877395,5.06158467025218,-0.496638467159017
0.00627971607877395,5.26939501483808,-0.497560945640633
0.00627971607877395,5.48573729993872,-0.498257554182566
0.00627971607877395,5.71096181614764,-0.498760583441652
0.00627971607877395,5.94543323572214,-0.499132711031657
0.00627971607877395,6.18953120304238,-0.499414593653689
0.00627971607877395,6.44365094931254,-0.499561617121632
0.00627971607877395,6.70820393249937,-0.499688164950431
0.00627971607877395,6.98361850354432,-0.499773484024619
0.00627971607877395,7.27034059992796,-0.499830684946228
0.00627971607877395,7.56883446770961,-0.499874692607073
0.00627971607877395,7.8795834132113,-0.499884652291309
0.00627971607877395,8.20309058556316,-0.499898962465508
0.00627971607877395,8.5398797913773,-0.499908154639659
0.00627971607877395,8.89049634286924,-0.499915478264788
0.00627971607877395,9.25550794080014,-0.499916239774736
0.00627971607877395,9.63550559366947,-0.499918603214296
0.00627971607877395,10.0311045746463,-0.49992040405989
0.00627971607877395,10.442945417789,-0.499922192561549
0.00627971607877395,10.8716949551654,-0.499922749543157
0.00627971607877395,11.3180473965547,-0.499923783817127
0.00627971607877395,11.7827254534765,-0.499924822939431
0.00627971607877395,12.2664815093691,-0.49992569779228
0.00627971607877395,12.7700988378118,-0.499926612996224
0.00627971607877395,13.2943928707612,-0.49992751295408
0.00627971607877395,13.8402125188588,-0.499928404074507
0.00627971607877395,14.4084415459439,-0.499929281632539
0.00627971607877395,15,-0.499930141607451

0.00704595732816113,3,-0.423765628546457
0.00704595732816113,3.12316914057009,-0.436793494861983
0.00704595732816113,3.2513951602031,-0.447967144758499
0.00704595732816113,3.38488567604843,-0.457503472721121
0.00704595732816113,3.52385682926406,-0.465604620811273
0.00704595732816113,3.66853363498156,-0.4724602883107
0.00704595732816113,3.81915034663927,-0.477833737772834
0.00704595732816113,3.97595083527378,-0.482498573976019
0.00704595732816113,4.13918898438364,-0.4863209352163
0.00704595732816113,4.30912910100488,-0.489425895800345
0.00704595732816113,4.48604634366366,-0.491925155322187
0.00704595732816113,4.67022716789921,-0.493922441793223
0.00704595732816113,4.86196979007829,-0.495515020630155
0.00704595732816113,5.06158467025218,-0.496638724005115
0.00704595732816113,5.26939501483808,-0.497560863090005
0.00704595732816113,5.48573729993872,-0.498251547289398
0.00704595732816113,5.71096181614764,-0.498761744284627
0.00704595732816113,5.94543323572214,-0.499133653219549
0.00704595732816113,6.18953120304238,-0.499415392870878
0.00704595732816113,6.44365094931254,-0.499562280654537
0.00704595732816113,6.70820393249937,-0.49968866659573
0.00704595732816113,6.98361850354432,-0.499774085108043
0.00704595732816113,7.27034059992796,-0.49983125035059
0.00704595732816113,7.56883446770961,-0.49987529429379
0.00704595732816113,7.8795834132113,-0.499885241322721
0.00704595732816113,8.20309058556316,-0.499899541230231
0.00704595732816113,8.5398797913773,-0.49990874468831
0.00704595732816113,8.89049634286924,-0.499916059705301
0.00704595732816113,9.25550794080014,-0.499916861355844
0.00704595732816113,9.63550559366947,-0.499919221594086
0.00704595732816113,10.0311045746463,-0.499921025160249
0.00704595732816113,10.442945417789,-0.499922809320791
0.00704595732816113,10.8716949551654,-0.499923368614856
0.00704595732816113,11.3180473965547,-0.499924401537986
0.00704595732816113,11.7827254534765,-0.499925438575322
0.00704595732816113,12.2664815093691,-0.499926313469667
0.00704595732816113,12.7700988378118,-0.499927227164744
0.00704595732816113,13.2943928707612,-0.49992812502252
0.00704595732816113,13.8402125188588,-0.499929015059727
0.00704595732816113,14.4084415459439,-0.499929890880929
0.00704595732816113,15,-0.499930750258164

0.00790569415042095,3,-0.423766249349838
0.00790569415042095,3.12316914057009,-0.436794119476157
0.00790569415042095,3.2513951602031,-0.447967769649097
0.00790569415042095,3.38488567604843,-0.457504095025977
0.00790569415042095,3.52385682926406,-0.46560524753092
0.00790569415042095,3.66853363498156,-0.472460953101497
0.00790569415042095,3.81915034663927,-0.477834302338529
0.00790569415042095,3.97595083527378,-0.482499460122016
0.00790569415042095,4.13918898438364,-0.486321763228005
0.00790569415042095,4.30912910100488,-0.489426680350881
0.00790569415042095,4.48604634366366,-0.491925901676587
0.00790569415042095,4.67022716789921,-0.493923124460045
0.00790569415042095,4.86196979007829,-0.495515593797947
0.00790569415042095,5.06158467025218,-0.496639072884756
0.00790569415042095,5.26939501483808,-0.497560844824054
0.00790569415042095,5.48573729993872,-0.49825188950699
0.00790569415042095,5.71096181614764,-0.498763128929252
0.00790569415042095,5.94543323572214,-0.499134774480182
0.00790569415042095,6.18953120304238,-0.49941634524655
0.00790569415042095,6.44365094931254,-0.499563079839771
0.00790569415042095,6.70820393249937,-0.499689293806991
0.00790569415042095,6.98361850354432,-0.499774805633186
0.00790569415042095,7.27034059992796,-0.499831967596032
0.00790569415042095,7.56883446770961,-0.499876012905621
0.00790569415042095,7.8795834132113,-0.499885946076031
0.00790569415042095,8.20309058556316,-0.499900234544324
0.00790569415042095,8.5398797913773,-0.49990945053028
0.00790569415042095,8.89049634286924,-0.499916756039621
0.00790569415042095,9.25550794080014,-0.499917599679904
0.00790569415042095,9.63550559366947,-0.499919956479163
0.00790569415042095,10.0311045746463,-0.499921804148342
0.00790569415042095,10.442945417789,-0.499923542501192
0.00790569415042095,10.8716949551654,-0.499924104294468
0.00790569415042095,11.3180473965547,-0.499925135829706
0.00790569415042095,11.7827254534765,-0.499926170648506
0.00790569415042095,12.2664815093691,-0.499927045714844
0.00790569415042095,12.7700988378118,-0.499927957817424
0.00790569415042095,13.2943928707612,-0.499928853477762
0.00790569415042095,13.8402125188588,-0.499929742391056
0.00790569415042095,14.4084415459439,-0.499930616363332
0.00790569415042095,15,-0.499931475292981

0.00887033473083939,3,-0.423767028770232
0.00887033473083939,3.12316914057009,-0.436794901717443
0.00887033473083939,3.2513951602031,-0.447968550670773
0.00887033473083939,3.38488567604843,-0.457504870804799
0.00887033473083939,3.52385682926406,-0.465606024080152
0.00887033473083939,3.66853363498156,-0.472461764074732
0.00887033473083939,3.81915034663927,-0.477834997535549
0.00887033473083939,3.97595083527378,-0.482500527836894
0.00887033473083939,4.13918898438364,-0.486322762797764
0.00887033473083939,4.30912910100488,-0.489427629028564
0.00887033473083939,4.48604634366366,-0.491926806742124
0.00887033473083939,4.67022716789921,-0.493923959414663
0.00887033473083939,4.86196979007829,-0.49551577344319
0.00887033473083939,5.06158467025218,-0.496639550089372
0.00887033473083939,5.26939501483808,-0.497560926416013
0.00887033473083939,5.48573729993872,-0.498252508764242
0.00887033473083939,5.71096181614764,-0.498764800955653
0.00887033473083939,5.94543323572214,-0.499136125897581
0.00887033473083939,6.18953120304238,-0.499417495536738
0.00887033473083939,6.44365094931254,-0.499564055848223
0.00887033473083939,6.70820393249937,-0.49969008158656
0.00887033473083939,6.98361850354432,-0.499775682379139
0.00887033473083939,7.27034059992796,-0.499832838764445
0.00887033473083939,7.56883446770961,-0.499876884319448
0.00887033473083939,7.8795834132113,-0.499886802111366
0.00887033473083939,8.20309058556316,-0.49990107781837
0.00887033473083939,8.5398797913773,-0.499910307622272
0.00887033473083939,8.89049634286924,-0.499917602606592
0.00887033473083939,9.25550794080014,-0.499918743030841
0.00887033473083939,9.63550559366947,-0.499920842848733
0.00887033473083939,10.0311045746463,-0.499922685839073
0.00887033473083939,10.442945417789,-0.49992446752041
0.00887033473083939,10.8716949551654,-0.499924991588126
0.00887033473083939,11.3180473965547,-0.499926021724665
0.00887033473083939,11.7827254534765,-0.499927053516946
0.00887033473083939,12.2664815093691,-0.499927929596266
0.00887033473083939,12.7700988378118,-0.499928840087979
0.00887033473083939,13.2943928707612,-0.499929733414753
0.00887033473083939,13.8402125188588,-0.499930621195249
0.00887033473083939,14.4084415459439,-0.499931493218606
0.00887033473083939,15,-0.499932351937831

0.00995267926383743,3,-0.423768026755528
0.00995267926383743,3.12316914057009,-0.436795900087102
0.00995267926383743,3.2513951602031,-0.447969545370524
0.00995267926383743,3.38488567604843,-0.457505855951665
0.00995267926383743,3.52385682926406,-0.465607004227654
0.00995267926383743,3.66853363498156,-0.472462772057753
0.00995267926383743,3.81915034663927,-0.477835873898734
0.00995267926383743,3.97595083527378,-0.482501834380922
0.00995267926383743,4.13918898438364,-0.486323988820022
0.00995267926383743,4.30912910100488,-0.48942879516125
0.00995267926383743,4.48604634366366,-0.49192792255042
0.00995267926383743,4.67022716789921,-0.493924998249913
0.00995267926383743,4.86196979007829,-0.495516708546322
0.00995267926383743,5.06158467025218,-0.496640206596981
0.00995267926383743,5.26939501483808,-0.497561158433924
0.00995267926383743,5.48573729993872,-0.498253686450074
0.00995267926383743,5.71096181614764,-0.498759594468465
0.00995267926383743,5.94543323572214,-0.499137778155717
0.00995267926383743,6.18953120304238,-0.49941890512833
0.00995267926383743,6.44365094931254,-0.499565265504934
0.00995267926383743,6.70820393249937,-0.499691081545881
0.00995267926383743,6.98361850354432,-0.499776766513967
0.00995267926383743,7.27034059992796,-0.499833914103225
0.00995267926383743,7.56883446770961,-0.499877958099131
0.00995267926383743,7.8795834132113,-0.499887858903273
0.00995267926383743,8.20309058556316,-0.499902120313088
0.00995267926383743,8.5398797913773,-0.49991136693208
0.00995267926383743,8.89049634286924,-0.499918648475695
0.00995267926383743,9.25550794080014,-0.499919783128994
0.00995267926383743,9.63550559366947,-0.499921929404218
0.00995267926383743,10.0311045746463,-0.499923766089668
0.00995267926383743,10.442945417789,-0.499925554010785
0.00995267926383743,10.8716949551654,-0.499926079145352
0.00995267926383743,11.3180473965547,-0.499927107880627
0.00995267926383743,11.7827254534765,-0.499928137339375
0.00995267926383743,12.2664815093691,-0.499929013834625
0.00995267926383743,12.7700988378118,-0.49992992270189
0.00995267926383743,13.2943928707612,-0.499930813571232
0.00995267926383743,13.8402125188588,-0.499931700273897
0.00995267926383743,14.4084415459439,-0.499932570269676
0.00995267926383743,15,-0.499933427696034

0.0111670898037741,3,-0.423769326717132
0.0111670898037741,3.12316914057009,-0.436797196919598
0.0111670898037741,3.2513951602031,-0.447970834815702
0.0111670898037741,3.38488567604843,-0.457507129908113
0.0111670898037741,3.52385682926406,-0.465608265608671
0.0111670898037741,3.66853363498156,-0.472464051873183
0.0111670898037741,3.81915034663927,-0.477837003998958
0.0111670898037741,3.97595083527378,-0.482503459282972
0.0111670898037741,4.13918898438364,-0.48632551795746
0.0111670898037741,4.30912910100488,-0.489430252999956
0.0111670898037741,4.48604634366366,-0.49192932170169
0.0111670898037741,4.67022716789921,-0.493926312260036
0.0111670898037741,4.86196979007829,-0.495517910872372
0.0111670898037741,5.06158467025218,-0.496641114020668
0.0111670898037741,5.26939501483808,-0.497561612433774
0.0111670898037741,5.48573729993872,-0.498261612799538
0.0111670898037741,5.71096181614764,-0.498760455340723
0.0111670898037741,5.94543323572214,-0.499139829327268
0.0111670898037741,6.18953120304238,-0.499420659532697
0.0111670898037741,6.44365094931254,-0.49956678722303
0.0111670898037741,6.70820393249937,-0.499692376683214
0.0111670898037741,6.98361850354432,-0.499778129545281
0.0111670898037741,7.27034059992796,-0.499835263807037
0.0111670898037741,7.56883446770961,-0.499879303675185
0.0111670898037741,7.8795834132113,-0.499889185577314
0.0111670898037741,8.20309058556316,-0.499903430414306
0.0111670898037741,8.5398797913773,-0.499912699990196
0.0111670898037741,8.89049634286924,-0.499919962182036
0.0111670898037741,9.25550794080014,-0.499921091124232
0.0111670898037741,9.63550559366947,-0.499923514952464
0.0111670898037741,10.0311045746463,-0.49992511408824
0.0111670898037741,10.442945417789,-0.499926908145961
0.0111670898037741,10.8716949551654,-0.499927434915994
0.0111670898037741,11.3180473965547,-0.499928462226045
0.0111670898037741,11.7827254534765,-0.499929489226911
0.0111670898037741,12.2664815093691,-0.499930366451316
0.0111670898037741,12.7700988378118,-0.499931273712881
0.0111670898037741,13.2943928707612,-0.499932162083581
0.0111670898037741,13.8402125188588,-0.499933047753143
0.0111670898037741,14.4084415459439,-0.49993391562623
0.0111670898037741,15,-0.499934771005802

0.0125296808406818,3,-0.423771048444035
0.0125296808406818,3.12316914057009,-0.436798909028847
0.0125296808406818,3.2513951602031,-0.447972532759251
0.0125296808406818,3.38488567604843,-0.457508804756866
0.0125296808406818,3.52385682926406,-0.465609916304781
0.0125296808406818,3.66853363498156,-0.472465709439256
0.0125296808406818,3.81915034663927,-0.47783849168933
0.0125296808406818,3.97595083527378,-0.482504870995273
0.0125296808406818,4.13918898438364,-0.486327457335362
0.0125296808406818,4.30912910100488,-0.489432106803163
0.0125296808406818,4.48604634366366,-0.491931106394009
0.0125296808406818,4.67022716789921,-0.493928002120282
0.0125296808406818,4.86196979007829,-0.495519479753908
0.0125296808406818,5.06158467025218,-0.496642372962545
0.0125296808406818,5.26939501483808,-0.497562389427179
0.0125296808406818,5.48573729993872,-0.498261616002434
0.0125296808406818,5.71096181614764,-0.498761626201369
0.0125296808406818,5.94543323572214,-0.499135885041429
0.0125296808406818,6.18953120304238,-0.499422878303262
0.0125296808406818,6.44365094931254,-0.499568732320794
0.0125296808406818,6.70820393249937,-0.499694069955934
0.0125296808406818,6.98361850354432,-0.4997798716839
0.0125296808406818,7.27034059992796,-0.499836986324705
0.0125296808406818,7.56883446770961,-0.499881018468674
0.0125296808406818,7.8795834132113,-0.499890879073855
0.0125296808406818,8.20309058556316,-0.499905105658048
0.0125296808406818,8.5398797913773,-0.499914391303141
0.0125296808406818,8.89049634286924,-0.499921639743819
0.0125296808406818,9.25550794080014,-0.499922763070096
0.0125296808406818,9.63550559366947,-0.499925176008623
0.0125296808406818,10.0311045746463,-0.499926825465321
0.0125296808406818,10.442945417789,-0.49992862114462
0.0125296808406818,10.8716949551654,-0.499929154413251
0.0125296808406818,11.3180473965547,-0.499930180024574
0.0125296808406818,11.7827254534765,-0.49993120447467
0.0125296808406818,12.2664815093691,-0.499932082746363
0.0125296808406818,12.7700988378118,-0.499932988456541
0.0125296808406818,13.2943928707612,-0.499933874297865
0.0125296808406818,13.8402125188588,-0.499934759059242
0.0125296808406818,14.4084415459439,-0.4999356248615
0.0125296808406818,15,-0.499936478102454

0.0140585331297587,3,-0.423773360320083
0.0140585331297587,3.12316914057009,-0.436801202014298
0.0140585331297587,3.2513951602031,-0.447974802034772
0.0140585331297587,3.38488567604843,-0.457511039018095
0.0140585331297587,3.52385682926406,-0.465612111663507
0.0140585331297587,3.66853363498156,-0.472467893266484
0.0140585331297587,3.81915034663927,-0.477840485336909
0.0140585331297587,3.97595083527378,-0.482506702469613
0.0140585331297587,4.13918898438364,-0.486329957452653
0.0140585331297587,4.30912910100488,-0.489434503087431
0.0140585331297587,4.48604634366366,-0.491933419962168
0.0140585331297587,4.67022716789921,-0.493930209213704
0.0140585331297587,4.86196979007829,-0.495521555334861
0.0140585331297587,5.06158467025218,-0.496644124824681
0.0140585331297587,5.26939501483808,-0.497563631586076
0.0140585331297587,5.48573729993872,-0.498262036442024
0.0140585331297587,5.71096181614764,-0.498763234438744
0.0140585331297587,5.94543323572214,-0.499137549574525
0.0140585331297587,6.18953120304238,-0.499425729898629
0.0140585331297587,6.44365094931254,-0.499571254150999
0.0140585331297587,6.70820393249937,-0.49969631017736
0.0140585331297587,6.98361850354432,-0.499782152153999
0.0140585331297587,7.27034059992796,-0.499839220141561
0.0140585331297587,7.56883446770961,-0.499883239284491
0.0140585331297587,7.8795834132113,-0.499893075625971
0.0140585331297587,8.20309058556316,-0.499907281285829
0.0140585331297587,8.5398797913773,-0.499916583649341
0.0140585331297587,8.89049634286924,-0.499923806083817
0.0140585331297587,9.25550794080014,-0.499924933851471
0.0140585331297587,9.63550559366947,-0.499927335369121
0.0140585331297587,10.0311045746463,-0.499929219885786
0.0140585331297587,10.442945417789,-0.499930838416133
0.0140585331297587,10.8716949551654,-0.499931370895952
0.0140585331297587,11.3180473965547,-0.499932395117597
0.0140585331297587,11.7827254534765,-0.499933416854426
0.0140585331297587,12.2664815093691,-0.49993429655338
0.0140585331297587,12.7700988378118,-0.499935200800275
0.0140585331297587,13.2943928707612,-0.499936084021396
0.0140585331297587,13.8402125188588,-0.499936968164253
0.0140585331297587,14.4084415459439,-0.499937831948416
0.0140585331297587,15,-0.499938683063864

0.0157739336120048,3,-0.423776502482428
0.0157739336120048,3.12316914057009,-0.436804309212999
0.0157739336120048,3.2513951602031,-0.447977870529628
0.0157739336120048,3.38488567604843,-0.457514056466691
0.0157739336120048,3.52385682926406,-0.46561507074487
0.0157739336120048,3.66853363498156,-0.472470816823564
0.0157739336120048,3.81915034663927,-0.477843196232308
0.0157739336120048,3.97595083527378,-0.482509205550291
0.0157739336120048,4.13918898438364,-0.486333229396446
0.0157739336120048,4.30912910100488,-0.489437647757725
0.0157739336120048,4.48604634366366,-0.491936464239411
0.0157739336120048,4.67022716789921,-0.493933132272233
0.0157739336120048,4.86196979007829,-0.495524334895288
0.0157739336120048,5.06158467025218,-0.496646568220376
0.0157739336120048,5.26939501483808,-0.497565538790303
0.0157739336120048,5.48573729993872,-0.498263048075382
0.0157739336120048,5.71096181614764,-0.498765536225365
0.0157739336120048,5.94543323572214,-0.499139865930574
0.0157739336120048,6.18953120304238,-0.499422908604315
0.0157739336120048,6.44365094931254,-0.499570840182983
0.0157739336120048,6.70820393249937,-0.499699306116896
0.0157739336120048,6.98361850354432,-0.499785131808521
0.0157739336120048,7.27034059992796,-0.499842160140366
0.0157739336120048,7.56883446770961,-0.499886158830997
0.0157739336120048,7.8795834132113,-0.499895967008771
0.0157739336120048,8.20309058556316,-0.499910148345494
0.0157739336120048,8.5398797913773,-0.499919467786495
0.0157739336120048,8.89049634286924,-0.499926646281448
0.0157739336120048,9.25550794080014,-0.499927793229806
0.0157739336120048,9.63550559366947,-0.499930182594906
0.0157739336120048,10.0311045746463,-0.499932052485395
0.0157739336120048,10.442945417789,-0.499934001085058
0.0157739336120048,10.8716949551654,-0.499934272938546
0.0157739336120048,11.3180473965547,-0.499935295697412
0.0157739336120048,11.7827254534765,-0.499936314540341
0.0157739336120048,12.2664815093691,-0.499937195428292
0.0157739336120048,12.7700988378118,-0.499938098997677
0.0157739336120048,13.2943928707612,-0.499938979733698
0.0157739336120048,13.8402125188588,-0.499939863428556
0.0157739336120048,14.4084415459439,-0.499940725313933
0.0157739336120048,15,-0.499941574383789

0.0176986446096034,3,-0.4237808132687
0.0176986446096034,3.12316914057009,-0.436808561935064
0.0176986446096034,3.2513951602031,-0.447982062148829
0.0176986446096034,3.38488567604843,-0.45751817317278
0.0176986446096034,3.52385682926406,-0.465619101318313
0.0176986446096034,3.66853363498156,-0.47247478039372
0.0176986446096034,3.81915034663927,-0.477846924104014
0.0176986446096034,3.97595083527378,-0.482512670941889
0.0176986446096034,4.13918898438364,-0.486337570114531
0.0176986446096034,4.30912910100488,-0.489441830507199
0.0176986446096034,4.48604634366366,-0.491940523436139
0.0176986446096034,4.67022716789921,-0.493937051462821
0.0176986446096034,4.86196979007829,-0.495528095081813
0.0176986446096034,5.06158467025218,-0.496649982192678
0.0176986446096034,5.26939501483808,-0.497568391616321
0.0176986446096034,5.48573729993872,-0.498264987340443
0.0176986446096034,5.71096181614764,-0.498768756375771
0.0176986446096034,5.94543323572214,-0.499143101697428
0.0176986446096034,6.18953120304238,-0.499426154233142
0.0176986446096034,6.44365094931254,-0.499573992282212
0.0176986446096034,6.70820393249937,-0.499700411186256
0.0176986446096034,6.98361850354432,-0.499788874530704
0.0176986446096034,7.27034059992796,-0.499846081237048
0.0176986446096034,7.56883446770961,-0.499890048754121
0.0176986446096034,7.8795834132113,-0.499899823410506
0.0176986446096034,8.20309058556316,-0.499913976097499
0.0176986446096034,8.5398797913773,-0.499923310916146
0.0176986446096034,8.89049634286924,-0.499930470182501
0.0176986446096034,9.25550794080014,-0.499931608306215
0.0176986446096034,9.63550559366947,-0.499933984303064
0.0176986446096034,10.0311045746463,-0.499935839602891
0.0176986446096034,10.442945417789,-0.499937786006855
0.0176986446096034,10.8716949551654,-0.499938346323803
0.0176986446096034,11.3180473965547,-0.499939146873578
0.0176986446096034,11.7827254534765,-0.499940158921647
0.0176986446096034,12.2664815093691,-0.499941043972043
0.0176986446096034,12.7700988378118,-0.499941948017819
0.0176986446096034,13.2943928707612,-0.499942826332649
0.0176986446096034,13.8402125188588,-0.499943709899829
0.0176986446096034,14.4084415459439,-0.499944570073689
0.0176986446096034,15,-0.499945417244963

0.019858205868107,3,-0.42378677267555
0.019858205868107,3.12316914057009,-0.436814426779507
0.019858205868107,3.2513951602031,-0.447987833015079
0.019858205868107,3.38488567604843,-0.457523835041477
0.019858205868107,3.52385682926406,-0.465624640050914
0.019858205868107,3.66853363498156,-0.472480209879253
0.019858205868107,3.81915034663927,-0.477852093397505
0.019858205868107,3.97595083527378,-0.482517508998551
0.019858205868107,4.13918898438364,-0.486343396899338
0.019858205868107,4.30912910100488,-0.489447459294813
0.019858205868107,4.48604634366366,-0.491945997685323
0.019858205868107,4.67022716789921,-0.493942361025543
0.019858205868107,4.86196979007829,-0.49553322596172
0.019858205868107,5.06158467025218,-0.496654758666354
0.019858205868107,5.26939501483808,-0.49757258148694
0.019858205868107,5.48573729993872,-0.498268225653621
0.019858205868107,5.71096181614764,-0.498773721006213
0.019858205868107,5.94543323572214,-0.499147635122058
0.019858205868107,6.18953120304238,-0.499430700951323
0.019858205868107,6.44365094931254,-0.49957843629783
0.019858205868107,6.70820393249937,-0.499704790720218
0.019858205868107,6.98361850354432,-0.499791662028328
0.019858205868107,7.27034059992796,-0.499851371309819
0.019858205868107,7.56883446770961,-0.499895308545062
0.019858205868107,7.8795834132113,-0.499905025534363
0.019858205868107,8.20309058556316,-0.499919143566912
0.019858205868107,8.5398797913773,-0.499928502591546
0.019858205868107,8.89049634286924,-0.499935626856219
0.019858205868107,9.25550794080014,-0.499936755339848
0.019858205868107,9.63550559366947,-0.49993911654931
0.019858205868107,10.0311045746463,-0.499940956043627
0.019858205868107,10.442945417789,-0.499942907791119
0.019858205868107,10.8716949551654,-0.49994344204432
0.019858205868107,11.3180473965547,-0.499944539380059
0.019858205868107,11.7827254534765,-0.499945331285408
0.019858205868107,12.2664815093691,-0.499946216352169
0.019858205868107,12.7700988378118,-0.499947120942395
0.019858205868107,13.2943928707612,-0.499947996918634
0.019858205868107,13.8402125188588,-0.499948880676687
0.019858205868107,14.4084415459439,-0.499949739361743
0.019858205868107,15,-0.499950584858244

0.0222812734533436,3,-0.4237950576689
0.0222812734533436,3.12316914057009,-0.436822563795305
0.0222812734533436,3.2513951602031,-0.447995826641416
0.0222812734533436,3.38488567604843,-0.457531671355832
0.0222812734533436,3.52385682926406,-0.465632301311308
0.0222812734533436,3.66853363498156,-0.472487703840513
0.0222812734533436,3.81915034663927,-0.477859303428764
0.0222812734533436,3.97595083527378,-0.482524315847194
0.0222812734533436,4.13918898438364,-0.486351296529609
0.0222812734533436,4.30912910100488,-0.489455107789402
0.0222812734533436,4.48604634366366,-0.491953450045175
0.0222812734533436,4.67022716789921,-0.493949475504745
0.0222812734533436,4.86196979007829,-0.495540275698539
0.0222812734533436,5.06158467025218,-0.496661447969516
0.0222812734533436,5.26939501483808,-0.497578665056561
0.0222812734533436,5.48573729993872,-0.498273319420599
0.0222812734533436,5.71096181614764,-0.498780794705734
0.0222812734533436,5.94543323572214,-0.499154000039354
0.0222812734533436,6.18953120304238,-0.499437083094791
0.0222812734533436,6.44365094931254,-0.499584696734936
0.0222812734533436,6.70820393249937,-0.499710970202909
0.0222812734533436,6.98361850354432,-0.499797834142065
0.0222812734533436,7.27034059992796,-0.499855700561806
0.0222812734533436,7.56883446770961,-0.499902442501053
0.0222812734533436,7.8795834132113,-0.499912110826713
0.0222812734533436,8.20309058556316,-0.499926185551072
0.0222812734533436,8.5398797913773,-0.499935490796202
0.0222812734533436,8.89049634286924,-0.499942647186504
0.0222812734533436,9.25550794080014,-0.499943764430141
0.0222812734533436,9.63550559366947,-0.499946108359669
0.0222812734533436,10.0311045746463,-0.499947928924421
0.0222812734533436,10.442945417789,-0.499950036982038
0.0222812734533436,10.8716949551654,-0.499950394456243
0.0222812734533436,11.3180473965547,-0.499951476776424
0.0222812734533436,11.7827254534765,-0.499952555387446
0.0222812734533436,12.2664815093691,-0.499953238078617
0.0222812734533436,12.7700988378118,-0.499954143060825
0.0222812734533436,13.2943928707612,-0.499955016860694
0.0222812734533436,13.8402125188588,-0.499955900993858
0.0222812734533436,14.4084415459439,-0.499956758480688
0.0222812734533436,15,-0.499957606483179

0.025,3,-0.42380662383478
0.025,3.12316914057009,-0.436833903194516
0.025,3.2513951602031,-0.448006949780562
0.025,3.38488567604843,-0.457542567435998
0.025,3.52385682926406,-0.465642950378855
0.025,3.66853363498156,-0.472498108664994
0.025,3.81915034663927,-0.477869392305542
0.025,3.97595083527378,-0.482533916752104
0.025,4.13918898438364,-0.486362093877208
0.025,4.30912910100488,-0.489465583190536
0.025,4.48604634366366,-0.491963672934884
0.025,4.67022716789921,-0.493959139532329
0.025,4.86196979007829,-0.495550015506985
0.025,5.06158467025218,-0.496670822642715
0.025,5.26939501483808,-0.497587409104884
0.025,5.48573729993872,-0.498281047266659
0.025,5.71096181614764,-0.498790614038699
0.025,5.94543323572214,-0.499162949982623
0.025,6.18953120304238,-0.499445932919766
0.025,6.44365094931254,-0.499593518001266
0.025,6.70820393249937,-0.499719719238139
0.025,6.98361850354432,-0.499806459149005
0.025,7.27034059992796,-0.499864493721541
0.025,7.56883446770961,-0.499909166237307
0.025,7.8795834132113,-0.499919632732134
0.025,8.20309058556316,-0.499935855723146
0.025,8.5398797913773,-0.499945091601987
0.025,8.89049634286924,-0.499952279160136
0.025,9.25550794080014,-0.499953382399146
0.025,9.63550559366947,-0.499955705154661
0.025,10.0311045746463,-0.499957505508939
0.025,10.442945417789,-0.49995958306047
0.025,10.8716949551654,-0.499959946263001
0.025,11.3180473965547,-0.499961012952203
0.025,11.7827254534765,-0.499962073922624
0.025,12.2664815093691,-0.49996303693474
0.025,12.7700988378118,-0.499963754066357
0.025,13.2943928707612,-0.499964625381908
0.025,13.8402125188588,-0.499965510154539
0.025,14.4084415459439,-0.499966366640503
0.025,15,-0.499967213349773

0.0280504613575491,3,-0.423822827162757
0.0280504613575491,3.12316914057009,-0.436849755508511
0.0280504613575491,3.2513951602031,-0.448022479959702
0.0280504613575491,3.38488567604843,-0.457557769909147
0.0280504613575491,3.52385682926406,-0.465657804958635
0.0280504613575491,3.66853363498156,-0.472512612942189
0.0280504613575491,3.81915034663927,-0.477883560517379
0.0280504613575491,3.97595083527378,-0.482547481182335
0.0280504613575491,4.13918898438364,-0.486375376867424
0.0280504613575491,4.30912910100488,-0.489480020069133
0.0280504613575491,4.48604634366366,-0.491977780663113
0.0280504613575491,4.67022716789921,-0.493972986862392
0.0280504613575491,4.86196979007829,-0.495563529805339
0.0280504613575491,5.06158467025218,-0.496683966280553
0.0280504613575491,5.26939501483808,-0.497599907153614
0.0280504613575491,5.48573729993872,-0.498292498203539
0.0280504613575491,5.71096181614764,-0.498804182586645
0.0280504613575491,5.94543323572214,-0.499174621190979
0.0280504613575491,6.18953120304238,-0.499458563515731
0.0280504613575491,6.44365094931254,-0.499605947455117
0.0280504613575491,6.70820393249937,-0.499732072765764
0.0280504613575491,6.98361850354432,-0.499818652394684
0.0280504613575491,7.27034059992796,-0.499876894602293
0.0280504613575491,7.56883446770961,-0.499921531504319
0.0280504613575491,7.8795834132113,-0.499931943797207
0.0280504613575491,8.20309058556316,-0.499946715674398
0.0280504613575491,8.5398797913773,-0.499958361060577
0.0280504613575491,8.89049634286924,-0.499965554523113
0.0280504613575491,9.25550794080014,-0.499966661229578
0.0280504613575491,9.63550559366947,-0.499968956646481
0.0280504613575491,10.0311045746463,-0.499970746331052
0.0280504613575491,10.442945417789,-0.499972783125822
0.0280504613575491,10.8716949551654,-0.49997314284373
0.0280504613575491,11.3180473965547,-0.499974192369381
0.0280504613575491,11.7827254534765,-0.499975234752582
0.0280504613575491,12.2664815093691,-0.499976182312646
0.0280504613575491,12.7700988378118,-0.499977154134918
0.0280504613575491,13.2943928707612,-0.499977863411067
0.0280504613575491,13.8402125188588,-0.499978748494631
0.0280504613575491,14.4084415459439,-0.499979603941408
0.0280504613575491,15,-0.499980451618016

0.0314731352948542,3,-0.423845563281658
0.0314731352948542,3.12316914057009,-0.436871966515846
0.0314731352948542,3.2513951602031,-0.448044214921764
0.0314731352948542,3.38488567604843,-0.457579031549603
0.0314731352948542,3.52385682926406,-0.465678577100346
0.0314731352948542,3.66853363498156,-0.472532889662157
0.0314731352948542,3.81915034663927,-0.477903468517553
0.0314731352948542,3.97595083527378,-0.482566652809162
0.0314731352948542,4.13918898438364,-0.486393592239037
0.0314731352948542,4.30912910100488,-0.489500012662255
0.0314731352948542,4.48604634366366,-0.491997339199789
0.0314731352948542,4.67022716789921,-0.493992201301494
0.0314731352948542,4.86196979007829,-0.495582341205319
0.0314731352948542,5.06158467025218,-0.496702400891266
0.0314731352948542,5.26939501483808,-0.497617672733411
0.0314731352948542,5.48573729993872,-0.49830919521012
0.0314731352948542,5.71096181614764,-0.498823012719321
0.0314731352948542,5.94543323572214,-0.499192984990521
0.0314731352948542,6.18953120304238,-0.4994761244464
0.0314731352948542,6.44365094931254,-0.499623457995983
0.0314731352948542,6.70820393249937,-0.499749504016838
0.0314731352948542,6.98361850354432,-0.499835913511112
0.0314731352948542,7.27034059992796,-0.499894226016999
0.0314731352948542,7.56883446770961,-0.499939523303639
0.0314731352948542,7.8795834132113,-0.499949326919386
0.0314731352948542,8.20309058556316,-0.499964050648056
0.0314731352948542,8.5398797913773,-0.499973948157903
0.0314731352948542,8.89049634286924,-0.499981810096787
0.0314731352948542,9.25550794080014,-0.499985082494831
0.0314731352948542,9.63550559366947,-0.499987340956818
0.0314731352948542,10.0311045746463,-0.499989098252145
0.0314731352948542,10.442945417789,-0.499991109294376
0.0314731352948542,10.8716949551654,-0.499991455308487
0.0314731352948542,11.3180473965547,-0.499992484488168
0.0314731352948542,11.7827254534765,-0.499993505848606
0.0314731352948542,12.2664815093691,-0.499994437433207
0.0314731352948542,12.7700988378118,-0.499995394803109
0.0314731352948542,13.2943928707612,-0.499996320574477
0.0314731352948542,13.8402125188588,-0.499997280148671
0.0314731352948542,14.4084415459439,-0.499997933317995
0.0314731352948542,15,-0.499998778691685

0.0353134386155688,3,-0.423877428553452
0.0353134386155688,3.12316914057009,-0.436903132485294
0.0353134386155688,3.2513951602031,-0.448074681747717
0.0353134386155688,3.38488567604843,-0.45760881618098
0.0353134386155688,3.52385682926406,-0.465707670488465
0.0353134386155688,3.66853363498156,-0.472561287223331
0.0353134386155688,3.81915034663927,-0.477931454569085
0.0353134386155688,3.97595083527378,-0.482593737600336
0.0353134386155688,4.13918898438364,-0.486419539122545
0.0353134386155688,4.30912910100488,-0.48952779970341
0.0353134386155688,4.48604634366366,-0.492024548116133
0.0353134386155688,4.67022716789921,-0.494018949219273
0.0353134386155688,4.86196979007829,-0.495608588381878
0.0353134386155688,5.06158467025218,-0.496728257700909
0.0353134386155688,5.26939501483808,-0.497642832483496
0.0353134386155688,5.48573729993872,-0.498333267513261
0.0353134386155688,5.71096181614764,-0.498851331473953
0.0353134386155688,5.94543323572214,-0.499218698847025
0.0353134386155688,6.18953120304238,-0.499499201514246
0.0353134386155688,6.44365094931254,-0.499648119173019
0.0353134386155688,6.70820393249937,-0.499774081726982
0.0353134386155688,6.98361850354432,-0.499860346604311
0.0353134386155688,7.27034059992796,-0.499918995919942
0.0353134386155688,7.56883446770961,-0.499964086361943
0.0353134386155688,7.8795834132113,-0.499973843372211
0.0353134386155688,8.20309058556316,-0.499988521650597
0.0353134386155688,8.5398797913773,-0.499998357162636
0.0353134386155688,8.89049634286924,-0.500006215067065
0.0353134386155688,9.25550794080014,-0.500007989941117
0.0353134386155688,9.63550559366947,-0.500010945397268
0.0353134386155688,10.0311045746463,-0.500014651907603
0.0353134386155688,10.442945417789,-0.500016618638562
0.0353134386155688,10.8716949551654,-0.500016953345795
0.0353134386155688,11.3180473965547,-0.500017956212816
0.0353134386155688,11.7827254534765,-0.500018951904017
0.0353134386155688,12.2664815093691,-0.500019865127168
0.0353134386155688,12.7700988378118,-0.500020801611544
0.0353134386155688,13.2943928707612,-0.500021708006751
0.0353134386155688,13.8402125188588,-0.500022646163648
0.0353134386155688,14.4084415459439,-0.500023563625023
0.0353134386155688,15,-0.500024253602791

0.0396223298115278,3,-0.423923718037085
0.0396223298115278,3.12316914057009,-0.436946903436079
0.0396223298115278,3.2513951602031,-0.448117432738755
0.0396223298115278,3.38488567604843,-0.45765058416871
0.0396223298115278,3.52385682926406,-0.465748461461525
0.0396223298115278,3.66853363498156,-0.472601101784942
0.0396223298115278,3.81915034663927,-0.477970794888679
0.0396223298115278,3.97595083527378,-0.482631965914167
0.0396223298115278,4.13918898438364,-0.486456395749523
0.0396223298115278,4.30912910100488,-0.489566523736101
0.0396223298115278,4.48604634366366,-0.492062494825618
0.0396223298115278,4.67022716789921,-0.49405627108061
0.0396223298115278,4.86196979007829,-0.495645273274202
0.0396223298115278,5.06158467025218,-0.496764529236565
0.0396223298115278,5.26939501483808,-0.497678364282387
0.0396223298115278,5.48573729993872,-0.498367671827082
0.0396223298115278,5.71096181614764,-0.498884074749925
0.0396223298115278,5.94543323572214,-0.499255108201545
0.0396223298115278,6.18953120304238,-0.49953395277084
0.0396223298115278,6.44365094931254,-0.499682838618121
0.0396223298115278,6.70820393249937,-0.499808709032713
0.0396223298115278,6.98361850354432,-0.499894826755579
0.0396223298115278,7.27034059992796,-0.499953646815212
0.0396223298115278,7.56883446770961,-0.499998388638659
0.0396223298115278,7.8795834132113,-0.500008389786499
0.0396223298115278,8.20309058556316,-0.500023018555114
0.0396223298115278,8.5398797913773,-0.500032799212322
0.0396223298115278,8.89049634286924,-0.50004060126978
0.0396223298115278,9.25550794080014,-0.500042377284391
0.0396223298115278,9.63550559366947,-0.500045287556077
0.0396223298115278,10.0311045746463,-0.500047689720934
0.0396223298115278,10.442945417789,-0.500049546431637
0.0396223298115278,10.8716949551654,-0.500052548164868
0.0396223298115278,11.3180473965547,-0.500053514663896
0.0396223298115278,11.7827254534765,-0.500054475687964
0.0396223298115278,12.2664815093691,-0.50005536546542
0.0396223298115278,12.7700988378118,-0.500056276447453
0.0396223298115278,13.2943928707612,-0.500057161326128
0.0396223298115278,13.8402125188588,-0.500058075635323
0.0396223298115278,14.4084415459439,-0.500058970108962
0.0396223298115278,15,-0.500059862009375

0.0444569852509731,3,-0.423995534146349
0.0444569852509731,3.12316914057009,-0.437008420338541
0.0444569852509731,3.2513951602031,-0.448177457033325
0.0444569852509731,3.38488567604843,-0.457709195294783
0.0444569852509731,3.52385682926406,-0.465805687994587
0.0444569852509731,3.66853363498156,-0.472656958068201
0.0444569852509731,3.81915034663927,-0.478026077287835
0.0444569852509731,3.97595083527378,-0.48268584097376
0.0444569852509731,4.13918898438364,-0.486508661681795
0.0444569852509731,4.30912910100488,-0.489618396315358
0.0444569852509731,4.48604634366366,-0.49211551159763
0.0444569852509731,4.67022716789921,-0.494108433573984
0.0444569852509731,4.86196979007829,-0.4956966062292
0.0444569852509731,5.06158467025218,-0.496815405034833
0.0444569852509731,5.26939501483808,-0.497728437476015
0.0444569852509731,5.48573729993872,-0.498416607317787
0.0444569852509731,5.71096181614764,-0.498931325479941
0.0444569852509731,5.94543323572214,-0.499305250762448
0.0444569852509731,6.18953120304238,-0.49958356846685
0.0444569852509731,6.44365094931254,-0.499731702375542
0.0444569852509731,6.70820393249937,-0.499857469005023
0.0444569852509731,6.98361850354432,-0.499943431868338
0.0444569852509731,7.27034059992796,-0.50000240385683
0.0444569852509731,7.56883446770961,-0.500046922003821
0.0444569852509731,7.8795834132113,-0.500057031704006
0.0444569852509731,8.20309058556316,-0.500071606606177
0.0444569852509731,8.5398797913773,-0.500081330586189
0.0444569852509731,8.89049634286924,-0.500089099623777
0.0444569852509731,9.25550794080014,-0.500090851490472
0.0444569852509731,9.63550559366947,-0.500093718689093
0.0444569852509731,10.0311045746463,-0.500096068517248
0.0444569852509731,10.442945417789,-0.500098648826642
0.0444569852509731,10.8716949551654,-0.500099627239917
0.0444569852509731,11.3180473965547,-0.500101251297785
0.0444569852509731,11.7827254534765,-0.500104160078811
0.0444569852509731,12.2664815093691,-0.500105014807169
0.0444569852509731,12.7700988378118,-0.500105891305104
0.0444569852509731,13.2943928707612,-0.500106749621714
0.0444569852509731,13.8402125188588,-0.5001076329345
0.0444569852509731,14.4084415459439,-0.500108501111882
0.0444569852509731,15,-0.500109367445689

0.049881557874222,3,-0.424091664757713
0.049881557874222,3.12316914057009,-0.437094899580671
0.049881557874222,3.2513951602031,-0.448261761538665
0.049881557874222,3.38488567604843,-0.457791470522886
0.049881557874222,3.52385682926406,-0.465885996914302
0.049881557874222,3.66853363498156,-0.472735340110054
0.049881557874222,3.81915034663927,-0.478103724464158
0.049881557874222,3.97595083527378,-0.482761725052107
0.049881557874222,4.13918898438364,-0.486582569358609
0.049881557874222,4.30912910100488,-0.489689936396002
0.049881557874222,4.48604634366366,-0.492189675269502
0.049881557874222,4.67022716789921,-0.494181377462181
0.049881557874222,4.86196979007829,-0.495768536775941
0.049881557874222,5.06158467025218,-0.496886757500595
0.049881557874222,5.26939501483808,-0.497798889122566
0.049881557874222,5.48573729993872,-0.498485881738097
0.049881557874222,5.71096181614764,-0.498998908359169
0.049881557874222,5.94543323572214,-0.499375367322507
0.049881557874222,6.18953120304238,-0.49965319424047
0.049881557874222,6.44365094931254,-0.499801010771901
0.049881557874222,6.70820393249937,-0.499926089221764
0.049881557874222,6.98361850354432,-0.500011883109834
0.049881557874222,7.27034059992796,-0.500070999610164
0.049881557874222,7.56883446770961,-0.500115511539481
0.049881557874222,7.8795834132113,-0.500125474239613
0.049881557874222,8.20309058556316,-0.500139984778322
0.049881557874222,8.5398797913773,-0.500149640229591
0.049881557874222,8.89049634286924,-0.500157379871205
0.049881557874222,9.25550794080014,-0.500159108211742
0.049881557874222,9.63550559366947,-0.50016193201736
0.049881557874222,10.0311045746463,-0.500164237307784
0.049881557874222,10.442945417789,-0.50016676532399
0.049881557874222,10.8716949551654,-0.500167709786676
0.049881557874222,11.3180473965547,-0.500169283732116
0.049881557874222,11.7827254534765,-0.500170843383389
0.049881557874222,12.2664815093691,-0.500172338438686
0.049881557874222,12.7700988378118,-0.500175368380171
0.049881557874222,13.2943928707612,-0.500176208175722
0.049881557874222,13.8402125188588,-0.500177028212909
0.049881557874222,14.4084415459439,-0.500177861507186
0.049881557874222,15,-0.500178696114204

0.0559680284642085,3,-0.424222504945411
0.0559680284642085,3.12316914057009,-0.43722390685425
0.0559680284642085,3.2513951602031,-0.448380180600475
0.0559680284642085,3.38488567604843,-0.457906982343769
0.0559680284642085,3.52385682926406,-0.465998714935229
0.0559680284642085,3.66853363498156,-0.47284534271903
0.0559680284642085,3.81915034663927,-0.478212727784024
0.0559680284642085,3.97595083527378,-0.482868442078234
0.0559680284642085,4.13918898438364,-0.486686841986831
0.0559680284642085,4.30912910100488,-0.489791419204251
0.0559680284642085,4.48604634366366,-0.49229350780581
0.0559680284642085,4.67022716789921,-0.494283586129295
0.0559680284642085,4.86196979007829,-0.495869248283862
0.0559680284642085,5.06158467025218,-0.496986814494762
0.0559680284642085,5.26939501483808,-0.497897890535178
0.0559680284642085,5.48573729993872,-0.498583625885891
0.0559680284642085,5.71096181614764,-0.499094950001794
0.0559680284642085,5.94543323572214,-0.499477471099467
0.0559680284642085,6.18953120304238,-0.499751254544318
0.0559680284642085,6.44365094931254,-0.499898413644924
0.0559680284642085,6.70820393249937,-0.500022809920205
0.0559680284642085,6.98361850354432,-0.500108216145914
0.0559680284642085,7.27034059992796,-0.500167446806707
0.0559680284642085,7.56883446770961,-0.500211599579281
0.0559680284642085,7.8795834132113,-0.500221723298885
0.0559680284642085,8.20309058556316,-0.500236156088306
0.0559680284642085,8.5398797913773,-0.500245738472403
0.0559680284642085,8.89049634286924,-0.50025342857937
0.0559680284642085,9.25550794080014,-0.500255136377619
0.0559680284642085,9.63550559366947,-0.500257915078107
0.0559680284642085,10.0311045746463,-0.50026017360746
0.0559680284642085,10.442945417789,-0.500262647711707
0.0559680284642085,10.8716949551654,-0.500263564108681
0.0559680284642085,11.3180473965547,-0.500265090883378
0.0559680284642085,11.7827254534765,-0.500266599614931
0.0559680284642085,12.2664815093691,-0.50026804550716
0.0559680284642085,12.7700988378118,-0.500269503280662
0.0559680284642085,13.2943928707612,-0.500270964628986
0.0559680284642085,13.8402125188588,-0.500272403541305
0.0559680284642085,14.4084415459439,-0.500275065223267
0.0559680284642085,15,-0.50027587138741

0.0627971607877395,3,-0.424402735583601
0.0627971607877395,3.12316914057009,-0.437402413052362
0.0627971607877395,3.2513951602031,-0.448546555144844
0.0627971607877395,3.38488567604843,-0.45806916620721
0.0627971607877395,3.52385682926406,-0.466156926660637
0.0627971607877395,3.66853363498156,-0.472999721012888
0.0627971607877395,3.81915034663927,-0.478365678471616
0.0627971607877395,3.97595083527378,-0.4830183655863
0.0627971607877395,4.13918898438364,-0.486833681157391
0.0627971607877395,4.30912910100488,-0.489934861714242
0.0627971607877395,4.48604634366366,-0.492435441724473
0.0627971607877395,4.67022716789921,-0.49442677867957
0.0627971607877395,4.86196979007829,-0.496009516173398
0.0627971607877395,5.06158467025218,-0.49712710656524
0.0627971607877395,5.26939501483808,-0.498036892157429
0.0627971607877395,5.48573729993872,-0.498721252178453
0.0627971607877395,5.71096181614764,-0.49923082030971
0.0627971607877395,5.94543323572214,-0.49961077513363
0.0627971607877395,6.18953120304238,-0.499888663193299
0.0627971607877395,6.44365094931254,-0.500035041309146
0.0627971607877395,6.70820393249937,-0.500158990361014
0.0627971607877395,6.98361850354432,-0.500243799304521
0.0627971607877395,7.27034059992796,-0.500303202874009
0.0627971607877395,7.56883446770961,-0.500346937736696
0.0627971607877395,7.8795834132113,-0.500357039275184
0.0627971607877395,8.20309058556316,-0.500371354155509
0.0627971607877395,8.5398797913773,-0.500380825522155
0.0627971607877395,8.89049634286924,-0.500388680200309
0.0627971607877395,9.25550794080014,-0.500390142482137
0.0627971607877395,9.63550559366947,-0.500392870526785
0.0627971607877395,10.0311045746463,-0.500395074547759
0.0627971607877395,10.442945417789,-0.500397479556771
0.0627971607877395,10.8716949551654,-0.500398383791523
0.0627971607877395,11.3180473965547,-0.500399866479352
0.0627971607877395,11.7827254534765,-0.50040132527907
0.0627971607877395,12.2664815093691,-0.500402726439595
0.0627971607877395,12.7700988378118,-0.500404133559014
0.0627971607877395,13.2943928707612,-0.500405540794507
0.0627971607877395,13.8402125188588,-0.500406923644677
0.0627971607877395,14.4084415459439,-0.500408312488962
0.0627971607877395,15,-0.50040971629293

0.0704595732816113,3,-0.424653022874475
0.0704595732816113,3.12316914057009,-0.437648152779819
0.0704595732816113,3.2513951602031,-0.448787346947878
0.0704595732816113,3.38488567604843,-0.458296883741965
0.0704595732816113,3.52385682926406,-0.466378996626693
0.0704595732816113,3.66853363498156,-0.47321637343499
0.0704595732816113,3.81915034663927,-0.47858021968884
0.0704595732816113,3.97595083527378,-0.483228818140921
0.0704595732816113,4.13918898438364,-0.487040133727526
0.0704595732816113,4.30912910100488,-0.490137223494996
0.0704595732816113,4.48604634366366,-0.492633231137569
0.0704595732816113,4.67022716789921,-0.494627470781788
0.0704595732816113,4.86196979007829,-0.496207579179433
0.0704595732816113,5.06158467025218,-0.497323799997308
0.0704595732816113,5.26939501483808,-0.498231928538726
0.0704595732816113,5.48573729993872,-0.498914698414198
0.0704595732816113,5.71096181614764,-0.499422419874266
0.0704595732816113,5.94543323572214,-0.499799938702409
0.0704595732816113,6.18953120304238,-0.500080596460642
0.0704595732816113,6.44365094931254,-0.500226685880122
0.0704595732816113,6.70820393249937,-0.500350156363225
0.0704595732816113,6.98361850354432,-0.500434486464688
0.0704595732816113,7.27034059992796,-0.500493073303546
0.0704595732816113,7.56883446770961,-0.500537142079524
0.0704595732816113,7.8795834132113,-0.500547307076298
0.0704595732816113,8.20309058556316,-0.500561425897576
0.0704595732816113,8.5398797913773,-0.500570722864333
0.0704595732816113,8.89049634286924,-0.500578387480755
0.0704595732816113,9.25550794080014,-0.500579868752408
0.0704595732816113,9.63550559366947,-0.500582525284661
0.0704595732816113,10.0311045746463,-0.500584670614454
0.0704595732816113,10.442945417789,-0.500586991232251
0.0704595732816113,10.8716949551654,-0.500587872249709
0.0704595732816113,11.3180473965547,-0.500589314496967
0.0704595732816113,11.7827254534765,-0.500590727008083
0.0704595732816113,12.2664815093691,-0.500592079627664
0.0704595732816113,12.7700988378118,-0.500593438087857
0.0704595732816113,13.2943928707612,-0.500594794671748
0.0704595732816113,13.8402125188588,-0.500596126545528
0.0704595732816113,14.4084415459439,-0.500597460648429
0.0704595732816113,15,-0.500598801644387

0.0790569415042095,3,-0.425002397016759
0.0790569415042095,3.12316914057009,-0.437989300387631
0.0790569415042095,3.2513951602031,-0.449121946210738
0.0790569415042095,3.38488567604843,-0.458616499764615
0.0790569415042095,3.52385682926406,-0.466690716852132
0.0790569415042095,3.66853363498156,-0.473520430581534
0.0790569415042095,3.81915034663927,-0.47888109713429
0.0790569415042095,3.97595083527378,-0.483524078496659
0.0790569415042095,4.13918898438364,-0.487330089502505
0.0790569415042095,4.30912910100488,-0.490422018321917
0.0790569415042095,4.48604634366366,-0.492912589949075
0.0790569415042095,4.67022716789921,-0.494906457060464
0.0790569415042095,4.86196979007829,-0.496485228289889
0.0790569415042095,5.06158467025218,-0.497599583456543
0.0790569415042095,5.26939501483808,-0.498505507983735
0.0790569415042095,5.48573729993872,-0.49918632651934
0.0790569415042095,5.71096181614764,-0.499692002120674
0.0790569415042095,5.94543323572214,-0.500066925887711
0.0790569415042095,6.18953120304238,-0.500353323598517
0.0790569415042095,6.44365094931254,-0.500495501873085
0.0790569415042095,6.70820393249937,-0.500618495973863
0.0790569415042095,6.98361850354432,-0.500702234511348
0.0790569415042095,7.27034059992796,-0.500759937370708
0.0790569415042095,7.56883446770961,-0.500804077782217
0.0790569415042095,7.8795834132113,-0.500814574138232
0.0790569415042095,8.20309058556316,-0.500828540470958
0.0790569415042095,8.5398797913773,-0.500837649806142
0.0790569415042095,8.89049634286924,-0.500845049912588
0.0790569415042095,9.25550794080014,-0.500846525316849
0.0790569415042095,9.63550559366947,-0.500849040083736
0.0790569415042095,10.0311045746463,-0.500851055585426
0.0790569415042095,10.442945417789,-0.500853268601645
0.0790569415042095,10.8716949551654,-0.500854099602054
0.0790569415042095,11.3180473965547,-0.500855486467756
0.0790569415042095,11.7827254534765,-0.500856838500426
0.0790569415042095,12.2664815093691,-0.500858143270434
0.0790569415042095,12.7700988378118,-0.500859450838218
0.0790569415042095,13.2943928707612,-0.500860756187078
0.0790569415042095,13.8402125188588,-0.500862038675662
0.0790569415042095,14.4084415459439,-0.50086332094006
0.0790569415042095,15,-0.500864604866494

0.0887033473083939,3,-0.42549548519541
0.0887033473083939,3.12316914057009,-0.438468210304684
0.0887033473083939,3.2513951602031,-0.449588641019583
0.0887033473083939,3.38488567604843,-0.459073142905412
0.0887033473083939,3.52385682926406,-0.467129525997857
0.0887033473083939,3.66853363498156,-0.473947941425083
0.0887033473083939,3.81915034663927,-0.479303378299186
0.0887033473083939,3.97595083527378,-0.483938229228343
0.0887033473083939,4.13918898438364,-0.487737096984693
0.0887033473083939,4.30912910100488,-0.490822280491966
0.0887033473083939,4.48604634366366,-0.493306007242428
0.0887033473083939,4.67022716789921,-0.495292781326362
0.0887033473083939,4.86196979007829,-0.496874648499636
0.0887033473083939,5.06158467025218,-0.497986356159234
0.0887033473083939,5.26939501483808,-0.498889243115184
0.0887033473083939,5.48573729993872,-0.499567539605585
0.0887033473083939,5.71096181614764,-0.500070825898267
0.0887033473083939,5.94543323572214,-0.500443183582237
0.0887033473083939,6.18953120304238,-0.500725839998795
0.0887033473083939,6.44365094931254,-0.500872614359833
0.0887033473083939,6.70820393249937,-0.500994790764957
0.0887033473083939,6.98361850354432,-0.501077872674195
0.0887033473083939,7.27034059992796,-0.501134882571939
0.0887033473083939,7.56883446770961,-0.50117895674169
0.0887033473083939,7.8795834132113,-0.501189542656939
0.0887033473083939,8.20309058556316,-0.501203393786786
0.0887033473083939,8.5398797913773,-0.501212393744138
0.0887033473083939,8.89049634286924,-0.50121958116005
0.0887033473083939,9.25550794080014,-0.501221169794039
0.0887033473083939,9.63550559366947,-0.501223560997662
0.0887033473083939,10.0311045746463,-0.501225430977519
0.0887033473083939,10.442945417789,-0.501227456838521
0.0887033473083939,10.8716949551654,-0.501228181683674
0.0887033473083939,11.3180473965547,-0.5012294490207
0.0887033473083939,11.7827254534765,-0.501230690181868
0.0887033473083939,12.2664815093691,-0.501231914330884
0.0887033473083939,12.7700988378118,-0.501233150295599
0.0887033473083939,13.2943928707612,-0.501234392103713
0.0887033473083939,13.8402125188588,-0.501235618557621
0.0887033473083939,14.4084415459439,-0.501236845806062
0.0887033473083939,15,-0.501238072674569

0.0995267926383743,3,-0.426186279027463
0.0995267926383743,3.12316914057009,-0.43913913241743
0.0995267926383743,3.2513951602031,-0.450241634260455
0.0995267926383743,3.38488567604843,-0.45971013905525
0.0995267926383743,3.52385682926406,-0.467746994647282
0.0995267926383743,3.66853363498156,-0.474549921601331
0.0995267926383743,3.81915034663927,-0.479897854842438
0.0995267926383743,3.97595083527378,-0.484521585622736
0.0995267926383743,4.13918898438364,-0.488310243994054
0.0995267926383743,4.30912910100488,-0.491386165032933
0.0995267926383743,4.48604634366366,-0.493861202540843
0.0995267926383743,4.67022716789921,-0.495839250189765
0.0995267926383743,4.86196979007829,-0.497417903372017
0.0995267926383743,5.06158467025218,-0.498529260473452
0.0995267926383743,5.26939501483808,-0.499427709306671
0.0995267926383743,5.48573729993872,-0.500102555380734
0.0995267926383743,5.71096181614764,-0.500602874523586
0.0995267926383743,5.94543323572214,-0.500972346133747
0.0995267926383743,6.18953120304238,-0.50125128636327
0.0995267926383743,6.44365094931254,-0.501401844183513
0.0995267926383743,6.70820393249937,-0.501522689149387
0.0995267926383743,6.98361850354432,-0.501604952832866
0.0995267926383743,7.27034059992796,-0.501661230304168
0.0995267926383743,7.56883446770961,-0.50170438680715
0.0995267926383743,7.8795834132113,-0.501715691771676
0.0995267926383743,8.20309058556316,-0.501729395626049
0.0995267926383743,8.5398797913773,-0.501738275823956
0.0995267926383743,8.89049634286924,-0.501745283563163
0.0995267926383743,9.25550794080014,-0.501746948777613
0.0995267926383743,9.63550559366947,-0.501749371032584
0.0995267926383743,10.0311045746463,-0.501751191965853
0.0995267926383743,10.442945417789,-0.501753109791736
0.0995267926383743,10.8716949551654,-0.501753816748743
0.0995267926383743,11.3180473965547,-0.501754991799633
0.0995267926383743,11.7827254534765,-0.50175609496176
0.0995267926383743,12.2664815093691,-0.501757181746942
0.0995267926383743,12.7700988378118,-0.501758274546237
0.0995267926383743,13.2943928707612,-0.501759386582966
0.0995267926383743,13.8402125188588,-0.501760506629117
0.0995267926383743,14.4084415459439,-0.50176164456039
0.0995267926383743,15,-0.501762784035019

0.111670898037741,3,-0.427154972400975
0.111670898037741,3.12316914057009,-0.440079520385624
0.111670898037741,3.2513951602031,-0.451156160778956
0.111670898037741,3.38488567604843,-0.460600827460997
0.111670898037741,3.52385682926406,-0.468615769366361
0.111670898037741,3.66853363498156,-0.475394644608054
0.111670898037741,3.81915034663927,-0.48073148485247
0.111670898037741,3.97595083527378,-0.485339664855881
0.111670898037741,4.13918898438364,-0.489114545725596
0.111670898037741,4.30912910100488,-0.492178121237797
0.111670898037741,4.48604634366366,-0.49464218048211
0.111670898037741,4.67022716789921,-0.496609866641457
0.111670898037741,4.86196979007829,-0.498178296507741
0.111670898037741,5.06158467025218,-0.499292258889149
0.111670898037741,5.26939501483808,-0.500185003295364
0.111670898037741,5.48573729993872,-0.500855160116364
0.111670898037741,5.71096181614764,-0.501351579748442
0.111670898037741,5.94543323572214,-0.501717405588728
0.111670898037741,6.18953120304238,-0.501992543855492
0.111670898037741,6.44365094931254,-0.502143808216869
0.111670898037741,6.70820393249937,-0.502264199369092
0.111670898037741,6.98361850354432,-0.502345211600833
0.111670898037741,7.27034059992796,-0.502400494540652
0.111670898037741,7.56883446770961,-0.502442614385722
0.111670898037741,7.8795834132113,-0.502454401460509
0.111670898037741,8.20309058556316,-0.502467980724465
0.111670898037741,8.5398797913773,-0.502476718319247
0.111670898037741,8.89049634286924,-0.502483609438365
0.111670898037741,9.25550794080014,-0.502485256329595
0.111670898037741,9.63550559366947,-0.502487731258775
0.111670898037741,10.0311045746463,-0.502489514664272
0.111670898037741,10.442945417789,-0.50249134534239
0.111670898037741,10.8716949551654,-0.502492112812472
0.111670898037741,11.3180473965547,-0.502493268659314
0.111670898037741,11.7827254534765,-0.502494350444226
0.111670898037741,12.2664815093691,-0.502495405102458
0.111670898037741,12.7700988378118,-0.502496434873127
0.111670898037741,13.2943928707612,-0.502497452949641
0.111670898037741,13.8402125188588,-0.502498455329968
0.111670898037741,14.4084415459439,-0.50249945336535
0.111670898037741,15,-0.50250044988373

0.125296808406818,3,-0.428514887495843
0.125296808406818,3.12316914057009,-0.441399418398559
0.125296808406818,3.2513951602031,-0.452439219359881
0.125296808406818,3.38488567604843,-0.46185029561661
0.125296808406818,3.52385682926406,-0.469834549227323
0.125296808406818,3.66853363498156,-0.476581350955623
0.125296808406818,3.81915034663927,-0.481901872643198
0.125296808406818,3.97595083527378,-0.486488243673363
0.125296808406818,4.13918898438364,-0.490243883786632
0.125296808406818,4.30912910100488,-0.493290499086656
0.125296808406818,4.48604634366366,-0.49573942301747
0.125296808406818,4.67022716789921,-0.497692869310288
0.125296808406818,4.86196979007829,-0.499247982781506
0.125296808406818,5.06158467025218,-0.50036177828161
0.125296808406818,5.26939501483808,-0.501248826280768
0.125296808406818,5.48573729993872,-0.501912612502494
0.125296808406818,5.71096181614764,-0.50240400465471
0.125296808406818,5.94543323572214,-0.502765527104755
0.125296808406818,6.18953120304238,-0.503036270710185
0.125296808406818,6.44365094931254,-0.503186081360608
0.125296808406818,6.70820393249937,-0.503309478754526
0.125296808406818,6.98361850354432,-0.503387296643376
0.125296808406818,7.27034059992796,-0.503441490946096
0.125296808406818,7.56883446770961,-0.503482140328669
0.125296808406818,7.8795834132113,-0.503493941464915
0.125296808406818,8.20309058556316,-0.503507366803599
0.125296808406818,8.5398797913773,-0.503515674646343
0.125296808406818,8.89049634286924,-0.503522068356806
0.125296808406818,9.25550794080014,-0.503523593580866
0.125296808406818,9.63550559366947,-0.503525787848805
0.125296808406818,10.0311045746463,-0.503527437179015
0.125296808406818,10.442945417789,-0.503529176964749
0.125296808406818,10.8716949551654,-0.503530023349219
0.125296808406818,11.3180473965547,-0.503531170078626
0.125296808406818,11.7827254534765,-0.503532301471649
0.125296808406818,12.2664815093691,-0.503533303794129
0.125296808406818,12.7700988378118,-0.503534326882159
0.125296808406818,13.2943928707612,-0.503535333154723
0.125296808406818,13.8402125188588,-0.503536322395891
0.125296808406818,14.4084415459439,-0.503537293403198
0.125296808406818,15,-0.503538245155474

0.140585331297587,3,-0.430426788517918
0.140585331297587,3.12316914057009,-0.443255018584765
0.140585331297587,3.2513951602031,-0.454242772528351
0.140585331297587,3.38488567604843,-0.463606047514063
0.140585331297587,3.52385682926406,-0.471546323072302
0.140585331297587,3.66853363498156,-0.478251704629052
0.140585331297587,3.81915034663927,-0.48354780484622
0.140585331297587,3.97595083527378,-0.488103594066672
0.140585331297587,4.13918898438364,-0.491832333754233
0.140585331297587,4.30912910100488,-0.494855367951856
0.140585331297587,4.48604634366366,-0.49728348008517
0.140585331297587,4.67022716789921,-0.499218268063156
0.140585331297587,4.86196979007829,-0.500755799558813
0.140585331297587,5.06158467025218,-0.501858800390502
0.140585331297587,5.26939501483808,-0.502746461375854
0.140585331297587,5.48573729993872,-0.503401100262259
0.140585331297587,5.71096181614764,-0.503885357790887
0.140585331297587,5.94543323572214,-0.504240954122453
0.140585331297587,6.18953120304238,-0.504506375993575
0.140585331297587,6.44365094931254,-0.504654359669448
0.140585331297587,6.70820393249937,-0.504775891165599
0.140585331297587,6.98361850354432,-0.504854297483062
0.140585331297587,7.27034059992796,-0.504907234236631
0.140585331297587,7.56883446770961,-0.504946474097405
0.140585331297587,7.8795834132113,-0.504958491727707
0.140585331297587,8.20309058556316,-0.50497146723572
0.140585331297587,8.5398797913773,-0.50497956865331
0.140585331297587,8.89049634286924,-0.504985641373831
0.140585331297587,9.25550794080014,-0.50498729818849
0.140585331297587,9.63550559366947,-0.50498942443127
0.140585331297587,10.0311045746463,-0.504990999004189
0.140585331297587,10.442945417789,-0.504992399275664
0.140585331297587,10.8716949551654,-0.504993080495192
0.140585331297587,11.3180473965547,-0.504993978048478
0.140585331297587,11.7827254534765,-0.504994854092833
0.140585331297587,12.2664815093691,-0.504995636455806
0.140585331297587,12.7700988378118,-0.504996423314655
0.140585331297587,13.2943928707612,-0.5049971933266
0.140585331297587,13.8402125188588,-0.504997963807192
0.140585331297587,14.4084415459439,-0.504998937155872
0.140585331297587,15,-0.504999883784644

0.157739336120048,3,-0.433120115658367
0.157739336120048,3.12316914057009,-0.44586936794795
0.157739336120048,3.2513951602031,-0.456783972925687
0.157739336120048,3.38488567604843,-0.466079816663029
0.157739336120048,3.52385682926406,-0.473957229118563
0.157739336120048,3.66853363498156,-0.480605759269972
0.157739336120048,3.81915034663927,-0.485868003238922
0.157739336120048,3.97595083527378,-0.490380932033266
0.157739336120048,4.13918898438364,-0.494072051979122
0.157739336120048,4.30912910100488,-0.497062238309766
0.157739336120048,4.48604634366366,-0.499461545870633
0.157739336120048,4.67022716789921,-0.501370924193478
0.157739336120048,4.86196979007829,-0.502884977076029
0.157739336120048,5.06158467025218,-0.5039740133598
0.157739336120048,5.26939501483808,-0.504852507770071
0.157739336120048,5.48573729993872,-0.505502638661533
0.157739336120048,5.71096181614764,-0.505976501572132
0.157739336120048,5.94543323572214,-0.506323745606279
0.157739336120048,6.18953120304238,-0.506581987210619
0.157739336120048,6.44365094931254,-0.506727778475064
0.157739336120048,6.70820393249937,-0.506845122364313
0.157739336120048,6.98361850354432,-0.506923125089156
0.157739336120048,7.27034059992796,-0.506974552237502
0.157739336120048,7.56883446770961,-0.507012081676092
0.157739336120048,7.8795834132113,-0.507024803318254
0.157739336120048,8.20309058556316,-0.507037640419855
0.157739336120048,8.5398797913773,-0.507045714235755
0.157739336120048,8.89049634286924,-0.507051491767741
0.157739336120048,9.25550794080014,-0.507053335579011
0.157739336120048,9.63550559366947,-0.507055443482599
0.157739336120048,10.0311045746463,-0.507057048815747
0.157739336120048,10.442945417789,-0.507058132386964
0.157739336120048,10.8716949551654,-0.507058884597201
0.157739336120048,11.3180473965547,-0.50705976979063
0.157739336120048,11.7827254534765,-0.507060623350399
0.157739336120048,12.2664815093691,-0.507061413918585
0.157739336120048,12.7700988378118,-0.507062192463593
0.157739336120048,13.2943928707612,-0.507062951434436
0.157739336120048,13.8402125188588,-0.507063753617694
0.157739336120048,14.4084415459439,-0.507064442100933
0.157739336120048,15,-0.507065166240634

0.176986446096035,3,-0.436925036571399
0.176986446096035,3.12316914057009,-0.449563673660571
0.176986446096035,3.2513951602031,-0.460375793835247
0.176986446096035,3.38488567604843,-0.469577038239893
0.176986446096035,3.52385682926406,-0.477367321047749
0.176986446096035,3.66853363498156,-0.483934908711858
0.176986446096035,3.81915034663927,-0.489147826232547
0.176986446096035,3.97595083527378,-0.493602618692085
0.176986446096035,4.13918898438364,-0.497241148558093
0.176986446096035,4.30912910100488,-0.500185550360775
0.176986446096035,4.48604634366366,-0.502544952349396
0.176986446096035,4.67022716789921,-0.504419477724294
0.176986446096035,4.86196979007829,-0.505901721773346
0.176986446096035,5.06158467025218,-0.506972270902958
0.176986446096035,5.26939501483808,-0.507829047524344
0.176986446096035,5.48573729993872,-0.508466631117945
0.176986446096035,5.71096181614764,-0.508929982585927
0.176986446096035,5.94543323572214,-0.509268867203541
0.176986446096035,6.18953120304238,-0.509519149750103
0.176986446096035,6.44365094931254,-0.509666737405743
0.176986446096035,6.70820393249937,-0.509778981040248
0.176986446096035,6.98361850354432,-0.509855003249396
0.176986446096035,7.27034059992796,-0.509904350054867
0.176986446096035,7.56883446770961,-0.509939775110568
0.176986446096035,7.8795834132113,-0.509952976379158
0.176986446096035,8.20309058556316,-0.509965230163753
0.176986446096035,8.5398797913773,-0.509973078907444
0.176986446096035,8.89049634286924,-0.509978376222882
0.176986446096035,9.25550794080014,-0.509980371084142
0.176986446096035,9.63550559366947,-0.509982371903609
0.176986446096035,10.0311045746463,-0.509983878496766
0.176986446096035,10.442945417789,-0.509985204056115
0.176986446096035,10.8716949551654,-0.509986034433188
0.176986446096035,11.3180473965547,-0.509986948229121
0.176986446096035,11.7827254534765,-0.509987830624129
0.176986446096035,12.2664815093691,-0.509988672340486
0.176986446096035,12.7700988378118,-0.509989507753241
0.176986446096035,13.2943928707612,-0.509990031998006
0.176986446096035,13.8402125188588,-0.509990799579235
0.176986446096035,14.4084415459439,-0.50999150725628
0.176986446096035,15,-0.509992221931276

0.19858205868107,3,-0.44232198298627
0.19858205868107,3.12316914057009,-0.454805785750147
0.19858205868107,3.2513951602031,-0.465474554190914
0.19858205868107,3.38488567604843,-0.47454352420662
0.19858205868107,3.52385682926406,-0.482211931630926
0.19858205868107,3.66853363498156,-0.488665359481833
0.19858205868107,3.81915034663927,-0.494081881470874
0.19858205868107,3.97595083527378,-0.498182235555546
0.19858205868107,4.13918898438364,-0.501747422644506
0.19858205868107,4.30912910100488,-0.504628035551443
0.19858205868107,4.48604634366366,-0.50693226089396
0.19858205868107,4.67022716789921,-0.508758712067406
0.19858205868107,4.86196979007829,-0.510197895743354
0.19858205868107,5.06158467025218,-0.511336705383494
0.19858205868107,5.26939501483808,-0.512071564670008
0.19858205868107,5.48573729993872,-0.512696053685965
0.19858205868107,5.71096181614764,-0.513138809467269
0.19858205868107,5.94543323572214,-0.513464061980959
0.19858205868107,6.18953120304238,-0.513703448994386
0.19858205868107,6.44365094931254,-0.513844804031119
0.19858205868107,6.70820393249937,-0.513953301724454
0.19858205868107,6.98361850354432,-0.5140266930195
0.19858205868107,7.27034059992796,-0.514073907630044
0.19858205868107,7.56883446770961,-0.514107293522351
0.19858205868107,7.8795834132113,-0.514121427500335
0.19858205868107,8.20309058556316,-0.514133480719416
0.19858205868107,8.5398797913773,-0.514141359120129
0.19858205868107,8.89049634286924,-0.514148907953009
0.19858205868107,9.25550794080014,-0.514153864500918
0.19858205868107,9.63550559366947,-0.514152821565821
0.19858205868107,10.0311045746463,-0.514154202875095
0.19858205868107,10.442945417789,-0.514155465818398
0.19858205868107,10.8716949551654,-0.514156244693051
0.19858205868107,11.3180473965547,-0.514157100183155
0.19858205868107,11.7827254534765,-0.514157924201519
0.19858205868107,12.2664815093691,-0.514158719052612
0.19858205868107,12.7700988378118,-0.514159503017905
0.19858205868107,13.2943928707612,-0.51416026659474
0.19858205868107,13.8402125188588,-0.514161016345342
0.19858205868107,14.4084415459439,-0.514161778688858
0.19858205868107,15,-0.514162518659362

0.222812734533436,3,-0.450020404070178
0.222812734533436,3.12316914057009,-0.462287479432504
0.222812734533436,3.2513951602031,-0.47275587153351
0.222812734533436,3.38488567604843,-0.481640230133786
0.222812734533436,3.52385682926406,-0.489138791285356
0.222812734533436,3.66853363498156,-0.495435743114607
0.222812734533436,3.81915034663927,-0.500706087981012
0.222812734533436,3.97595083527378,-0.504728952610399
0.222812734533436,4.13918898438364,-0.508199188546283
0.222812734533436,4.30912910100488,-0.510991047523794
0.222812734533436,4.48604634366366,-0.513218817926193
0.222812734533436,4.67022716789921,-0.514979139611515
0.222812734533436,4.86196979007829,-0.516360476813774
0.222812734533436,5.06158467025218,-0.517446018598377
0.222812734533436,5.26939501483808,-0.51816081725323
0.222812734533436,5.48573729993872,-0.518753557092015
0.222812734533436,5.71096181614764,-0.519183020694302
0.222812734533436,5.94543323572214,-0.519488025212639
0.222812734533436,6.18953120304238,-0.519710251453987
0.222812734533436,6.44365094931254,-0.519879808866404
0.222812734533436,6.70820393249937,-0.519949476477454
0.222812734533436,6.98361850354432,-0.520018370575043
0.222812734533436,7.27034059992796,-0.520062156164456
0.222812734533436,7.56883446770961,-0.520092202060061
0.222812734533436,7.8795834132113,-0.520106555007163
0.222812734533436,8.20309058556316,-0.520117664997352
0.222812734533436,8.5398797913773,-0.520124867808093
0.222812734533436,8.89049634286924,-0.520129685433759
0.222812734533436,9.25550794080014,-0.52013405919712
0.222812734533436,9.63550559366947,-0.520134524548137
0.222812734533436,10.0311045746463,-0.520136290170796
0.222812734533436,10.442945417789,-0.520137888462589
0.222812734533436,10.8716949551654,-0.520139657442195
0.222812734533436,11.3180473965547,-0.520140450919789
0.222812734533436,11.7827254534765,-0.520141693448023
0.222812734533436,12.2664815093691,-0.520142933592155
0.222812734533436,12.7700988378118,-0.520144111473455
0.222812734533436,13.2943928707612,-0.520147203615495
0.222812734533436,13.8402125188588,-0.520147869376658
0.222812734533436,14.4084415459439,-0.52014855317514
0.222812734533436,15,-0.520149217586914

0.25,3,-0.461088307980585
0.25,3.12316914057009,-0.473051963443161
0.25,3.2513951602031,-0.483240344223448
0.25,3.38488567604843,-0.491867325161295
0.25,3.52385682926406,-0.499129766877864
0.25,3.66853363498156,-0.505209864062606
0.25,3.81915034663927,-0.510277438168158
0.25,3.97595083527378,-0.514186284001982
0.25,4.13918898438364,-0.517517196851915
0.25,4.30912910100488,-0.520192988227354
0.25,4.48604634366366,-0.52231511403957
0.25,4.67022716789921,-0.523984866231194
0.25,4.86196979007829,-0.525287878825346
0.25,5.06158467025218,-0.526302343301785
0.25,5.26939501483808,-0.526987770163486
0.25,5.48573729993872,-0.527539388435397
0.25,5.71096181614764,-0.527946290707377
0.25,5.94543323572214,-0.528226623557136
0.25,6.18953120304238,-0.528428135030243
0.25,6.44365094931254,-0.528577494575704
0.25,6.70820393249937,-0.528648887055832
0.25,6.98361850354432,-0.52871131365736
0.25,7.27034059992796,-0.528751016686758
0.25,7.56883446770961,-0.528777149886858
0.25,7.8795834132113,-0.528797269707567
0.25,8.20309058556316,-0.528800929086981
0.25,8.5398797913773,-0.528807300652009
0.25,8.89049634286924,-0.528811515062516
0.25,9.25550794080014,-0.528814858565319
0.25,9.63550559366947,-0.528816054390841
0.25,10.0311045746463,-0.528817672201736
0.25,10.442945417789,-0.528819101841018
0.25,10.8716949551654,-0.528820487214683
0.25,11.3180473965547,-0.528821554640262
0.25,11.7827254534765,-0.528822714100865
0.25,12.2664815093691,-0.528823854416758
0.25,12.7700988378118,-0.528824965098226
0.25,13.2943928707612,-0.528826063924228
0.25,13.8402125188588,-0.528827136409563
0.25,14.4084415459439,-0.52882821277119
0.25,15,-0.528829266132275

