columns are: (1) n, (2) plainmc sol, (3) plainmc err, (4) real err
10	2.89363106340722	0.320487201408376	0.421390285687993)
110	2.57232002158457	0.124716250050254	0.100079243865346)
210	2.4483831112179	0.0954551998757227	0.0238576665013284)
310	2.51243387529689	0.0763597285804944	0.0401930975776605)
410	2.62689557151711	0.0619860385404206	0.154654793797886)
510	2.50917082648823	0.0594043142548352	0.0369300487690016)
610	2.34886548086321	0.0577816944475014	0.12337529685602)
710	2.45160339249127	0.0508598185736754	0.0206373852279542)
810	2.5008866597265	0.047205511791467	0.0286458820072779)
910	2.50442184999063	0.0443154294855601	0.032181072271404)
1010	2.48108330896296	0.0418265105076185	0.00884253124372991)
1110	2.47612695984823	0.0399743162653163	0.00388618212900838)
1210	2.48592219315711	0.0382700557278329	0.0136814154378837)
1310	2.4731699211486	0.0373156551864285	0.000929143429377444)
1410	2.41105713177971	0.0370013496779706	0.0611836459395123)
1510	2.4104173731934	0.0354152606826371	0.0618234045258217)
1610	2.53006937272091	0.0327187403308983	0.0578285950016819)
1710	2.47439727877112	0.0325820206854288	0.00215650105189669)
1810	2.49288628369604	0.0314807642017982	0.0206455059768134)
1910	2.45700893457681	0.0313135748445275	0.0152318431424154)
2010	2.46916858905916	0.029865671399186	0.00307218866006576)
2110	2.48754862776978	0.0294189426531312	0.0153078500505579)
2210	2.47885130478913	0.0286039732846521	0.00661052706990661)
2310	2.47081254427237	0.0282567515791517	0.00142823344685894)
2410	2.45956856032952	0.027669759253999	0.0126722173897043)
2510	2.49948765839265	0.0266315700649823	0.0272468806734185)
2610	2.47114429123505	0.0265573832089797	0.00109648648417648)
2710	2.46079309650305	0.0265342096416151	0.0114476812161728)
2810	2.48480973485213	0.0255680663129654	0.0125689571329035)
2910	2.44194331352832	0.0253614276891998	0.0302974641909035)
3010	2.50407603125485	0.023976348170307	0.0318352535356254)
3110	2.47794082274893	0.024228823043838	0.00570004502970312)
3210	2.42013352145592	0.0243897446958925	0.0521072562633038)
3310	2.45434825451995	0.0236459006227331	0.017892523199273)
3410	2.46411737840012	0.023248231594894	0.00812339931910211)
3510	2.47758488815347	0.0226083908441555	0.00534411043424621)
3610	2.47390898594079	0.022456493756958	0.0016682082215671)
3710	2.52092706949957	0.0217011836833924	0.0486862917803421)
3810	2.43450093660747	0.022072665913465	0.0377398411117555)
3910	2.44888931169488	0.0219189643156299	0.0233514660243497)
4010	2.5002885357166	0.021404998419631	0.0280477579973728)
4110	2.49021598964317	0.0210721249295387	0.0179752119239422)
4210	2.48956717645487	0.0206042510366376	0.017326398735646)
4310	2.4846633602758	0.0204218731380465	0.0124225825565749)
4410	2.47582073147905	0.020312598198031	0.00357995375982334)
4510	2.45054376397073	0.0202905193425953	0.0216970137484922)
4610	2.49620876737084	0.0198441970123947	0.0239679896516183)
4710	2.45730167596656	0.0197891429797665	0.0149391017526641)
4810	2.45706079914155	0.0195028028421245	0.0151799785776809)
4910	2.45574404229984	0.0194164349067624	0.0164967354193846)
5010	2.48208777739655	0.019085674758961	0.00984699967732361)
5110	2.47864499965904	0.0188695756795944	0.00640422193981527)
5210	2.49148751376502	0.0186210109358728	0.019246736045794)
5310	2.47593285606923	0.0184982810214181	0.00369207835000562)
5410	2.49288686980697	0.0182094559733807	0.0206460920877407)
5510	2.47635448195148	0.0183163872462065	0.00411370423225099)
5610	2.48983722884502	0.0178752034744107	0.017596451125792)
5710	2.46786573865738	0.0179237668321942	0.00437503906184933)
5810	2.46596953025229	0.0178841467202516	0.00627124746693353)
5910	2.46946571552493	0.0175681233759315	0.00277506219429569)
6010	2.45640071268885	0.0175358801171731	0.0158400650303738)
6110	2.48649613967349	0.0172529342107956	0.014255361954266)
6210	2.4737264785077	0.0172537417005847	0.00148570078847587)
6310	2.50702006210337	0.016884212886091	0.0347792843841432)
6410	2.49740923447	0.0166147876907797	0.0251684567507739)
6510	2.48378708934799	0.0166226346022284	0.0115463116287615)
6610	2.45066162432766	0.0167376845102853	0.0215791533915675)
6710	2.45128284211535	0.0166235613047785	0.0209579356038723)
6810	2.48320332414028	0.0164653226088322	0.0109625464210503)
6910	2.49186199749073	0.0162415039133552	0.0196212197715062)
7010	2.50103824759948	0.0159946188936697	0.0287974698802524)
7110	2.48630834823561	0.0158833843975623	0.0140675705163869)
7210	2.46294491979291	0.0159331848867219	0.00929585792631826)
7310	2.47173081782277	0.0158857555873582	0.000509959896456635)
7410	2.49239887049682	0.0156017581409669	0.0201580927775953)
7510	2.47715009666241	0.0155321578942989	0.00490931894318525)
7610	2.4861443432974	0.0154747454012465	0.0139035655781714)
7710	2.47569456940176	0.0154327838290586	0.00345379168253812)
7810	2.47462195159145	0.0154533555197706	0.00238117387222081)
7910	2.49413479215324	0.01516192916854	0.0218940144340101)
8010	2.47819438818508	0.0151210725204986	0.00595361046585241)
8110	2.4862331101516	0.0149634451600373	0.0139923324323781)
8210	2.48955045662975	0.0148349000416432	0.0173096789105203)
8310	2.46212092085734	0.0149582254888867	0.0101198568618859)
8410	2.4760220951102	0.0148461608644936	0.00378131739096998)
8510	2.49078655413033	0.0145595055275393	0.018545776411103)
8610	2.48672810445935	0.014531574764987	0.0144873267401278)
8710	2.45987764139162	0.0146242856926187	0.0123631363276089)
8810	2.46623293996553	0.0145179091987141	0.00600783775369651)
8910	2.45173766365852	0.0145468482103839	0.0205031140607024)
9010	2.47809972902103	0.014221512429994	0.00585895130180569)
9110	2.47511628787239	0.0142837973090413	0.00287551015316323)
9210	2.47130580451455	0.0140732331681861	0.000934973204674172)
9310	2.47841200393442	0.013903339251487	0.00617122621519695)
9410	2.45198874238373	0.0140398536410836	0.0202520353354929)
9510	2.47256935653769	0.0138729338726724	0.000328578818458602)
9610	2.45346581072077	0.013940718177417	0.0187749669984538)
9710	2.494052509379	0.0136693180839681	0.0218117316597781)
9810	2.47347831420772	0.0136470418716113	0.00123753648849512)
9910	2.46538465891386	0.0136022522147253	0.00685611880536996)
10010	2.46559208907049	0.013537337829104	0.00664868864873247)
10110	2.45055080392938	0.013582284857463	0.0216899737898446)
10210	2.45871318696642	0.0134416556243847	0.0135275907528096)
10310	2.47703988945201	0.0132231216256297	0.00479911173278103)
10410	2.50080021994189	0.01314704725267	0.0285594422226625)
10510	2.46527226373219	0.0132395503766367	0.00696851398703302)
10610	2.45280153386803	0.0132676655479211	0.0194392438511981)
10710	2.45422264222409	0.0131738462650099	0.0180181354951401)
10810	2.44611144511255	0.0131294354272822	0.0261293326066743)
10910	2.45062767055888	0.0131544739210433	0.0216131071603467)
11010	2.47936977009913	0.01285104377527	0.00712899237990428)
11110	2.48683149987032	0.012817095653026	0.0145907221510906)
11210	2.49550119990315	0.0126361918494505	0.0232604221839257)
11310	2.47086747839879	0.0127046324285461	0.00137329932043917)
11410	2.46720550044437	0.012663005020868	0.00503527727486031)
11510	2.46872138179292	0.0126196048662989	0.00351939592630579)
11610	2.46229223973523	0.0125885644378887	0.00994853798399742)
11710	2.47202297336385	0.012490238304301	0.000217804355378881)
11810	2.47275234654515	0.0124224512829734	0.000511568825920516)
11910	2.49009174905528	0.0122747545812178	0.017850971336058)
12010	2.47658369710579	0.0123608343536371	0.00434291938656584)
12110	2.47278837531424	0.0122665721752008	0.000547597595011329)
12210	2.49024519090752	0.0121994094410421	0.0180044131882937)
12310	2.48637228489146	0.0121348115464746	0.0141315071722286)
12410	2.4855814755495	0.0120769167130772	0.0133406978302699)
12510	2.45843283061465	0.0122578469748269	0.0138079471045756)
12610	2.46402524868346	0.0121440757961755	0.00821552903576794)
12710	2.47838781739456	0.0119661814958699	0.00614703967533003)
12810	2.47223075767075	0.0119177680256965	1.0020048476278E-05)
12910	2.46058075835413	0.012034567203577	0.0116600193650975)
13010	2.49517322267369	0.0117393619052807	0.0229324449544657)
13110	2.49256929364091	0.0117054900551206	0.0203285159216855)
13210	2.48129311638863	0.0117475412953807	0.00905233866940458)
13310	2.48541170888736	0.0117120765425108	0.0131709311681361)
13410	2.48588058662395	0.0116032866674995	0.0136398089047276)
13510	2.46761088120106	0.0117067454027316	0.00462989651816503)
13610	2.46403681677031	0.0116745206322106	0.00820396094891551)
13710	2.46487278624119	0.0115613064210005	0.00736799147803158)
13810	2.46824065189854	0.011508612451708	0.00400012582068809)
13910	2.4736616551487	0.011403540173298	0.00142087742947705)
14010	2.46595315143313	0.0114646461461523	0.00628762628610113)
14110	2.49787165982192	0.0112569026471301	0.02563088210269)
14210	2.47787868688236	0.011266791071795	0.00563790916313378)
14310	2.46139254806373	0.0113815991355045	0.0108482296554984)
14410	2.46148615240415	0.0113409508909704	0.0107546253150783)
14510	2.46352767324771	0.0112682199700781	0.00871310447152096)
14610	2.48028238103101	0.0111624770614567	0.00804160331177872)
14710	2.47821785235519	0.0111375959068782	0.00597707463596331)
14810	2.47306739807516	0.0111122412146645	0.000826620355938168)
14910	2.48713280122571	0.0110293359456243	0.0148920235064871)
15010	2.45728297508638	0.0111385744833805	0.0149578026328436)
15110	2.47696421332736	0.0109687210497097	0.0047234356081316)
15210	2.48613964630066	0.010903094270865	0.0138988685814381)
15310	2.45849143827261	0.011016502329734	0.0137493394466137)
15410	2.46674591891716	0.0109187672733811	0.00549485880206246)
15510	2.48416971180065	0.0108208946236554	0.011928934081419)
15610	2.45969473083371	0.010840780984974	0.0125460468855128)
15710	2.47379182492137	0.0108261560883607	0.00155104720214316)
15810	2.48514456335159	0.0107243684183185	0.0129037856323593)
15910	2.45338581240818	0.0107732985423329	0.0188549653110486)
16010	2.48095255905893	0.0106633343935533	0.00871178133969952)
16110	2.48292728186799	0.0106433329795335	0.010686504148766)
16210	2.48730481882756	0.010605163456025	0.0150640411083285)
16310	2.4652934129503	0.010632719303426	0.00694736476893132)
16410	2.47351843214245	0.0105890801140452	0.00127765442322492)
16510	2.48184086842449	0.0105518602843189	0.00960009070525958)
16610	2.47227138728367	0.0105168452081122	3.06095644448945E-05)
16710	2.45962911832279	0.0105071708168253	0.0126116593964349)
16810	2.47583331239766	0.0104434968254175	0.00359253467843335)
16910	2.48769725032662	0.0103192322225024	0.0154564726073914)
17010	2.46339084230652	0.0104307568923309	0.00884993541270473)
17110	2.46043638316437	0.0104405895448062	0.011804394554852)
17210	2.47461213084146	0.0103321418805007	0.00237135312223202)
17310	2.47717358676502	0.0102779198029538	0.00493280904579763)
17410	2.46640542871989	0.0102926382578909	0.00583534899933191)
17510	2.48877810270333	0.0101728186878281	0.0165373249841076)
17610	2.47762501518325	0.0101646923159805	0.00538423746401895)
17710	2.47313738117962	0.0101644740666555	0.000896603460398104)
17810	2.46599267815396	0.0101741677901217	0.00624809956526384)
17910	2.47625128520135	0.0100955329929155	0.00401050748212217)
18010	2.48152923005583	0.0100040081346466	0.00928845233660036)
18110	2.48539803883212	0.00998309387544494	0.0131572611128905)
18210	2.45981250060893	0.0100698815440071	0.0124282771102924)
18310	2.45868370751622	0.010068946258546	0.0135570702030074)
18410	2.46721684758499	0.00993309798353446	0.00502393013423674)
18510	2.48790078873783	0.0098635748192944	0.0156600110186029)
18610	2.45870580932972	0.00994187821901447	0.0135349683895045)
18710	2.48203146575054	0.00987369946737091	0.00979068803131611)
18810	2.46327508715549	0.00992811000324761	0.00896569056373764)
18910	2.46799887017187	0.00985207859760283	0.00424190754735454)
19010	2.45574339669435	0.00982012529205368	0.0164973810248794)
19110	2.47633386827412	0.00977359118092946	0.00409309055489215)
19210	2.46106687355655	0.00984950889262579	0.0111739041626771)
19310	2.46280684308349	0.00980145570002838	0.00943393463574083)
19410	2.48921710435718	0.00963930205843621	0.0169763266379572)
19510	2.48144753971793	0.0096579515955788	0.00920676199870796)
19610	2.4618972224518	0.0096532882011691	0.0103435552674238)
19710	2.45896266881262	0.00972403800310359	0.0132781089066034)
19810	2.48408945986069	0.00959202969105724	0.0118486821414669)
19910	2.47959159412915	0.00958098804423013	0.00735081640991897)
20010	2.47042670436154	0.00954888290192139	0.00181407335769013)
20110	2.47418290816701	0.0095727111674725	0.00194213044777891)
20210	2.48182949645789	0.00952834696205237	0.00958871873866407)
20310	2.47577716217241	0.00952676687062178	0.00353638445318794)
20410	2.46955631205025	0.009506670979434	0.00268446566897262)
20510	2.48368814046186	0.00941542701004249	0.0114473627426328)
20610	2.47814943114262	0.00939960298870249	0.00590865342339564)
20710	2.47637273861735	0.00938931793061585	0.00413196089812828)
20810	2.48688730496889	0.0093346306030662	0.0146465272496665)
20910	2.4617073146631	0.00943633466016618	0.0105334630561216)
21010	2.47718624785765	0.00933487032173763	0.00494547013841862)
21110	2.46546685101717	0.00932329463868217	0.00677392670205679)
21210	2.45779363700558	0.00935061221622706	0.0144471407136422)
21310	2.48032679022922	0.00925511612835288	0.00808601250999175)
21410	2.46130980224978	0.00926764681140571	0.0109309754694493)
21510	2.46497567034013	0.00927046107676935	0.00726510737909258)
21610	2.47887144473236	0.00916086253500339	0.00663066701313797)
21710	2.47450486913713	0.00918205980381369	0.00226409141790507)
21810	2.47482620046739	0.00916245801382426	0.00258542274816165)
21910	2.47499036264433	0.00913791582959105	0.00274958492510713)
22010	2.45712262551142	0.00915912248271431	0.0151181522078065)
22110	2.43935261853249	0.00919299281851318	0.0328881591867369)
22210	2.47657579164953	0.00907520807833294	0.00433501393030156)
22310	2.46588877205049	0.00909677919876462	0.00635200566873717)
22410	2.46603920436058	0.00909639349210146	0.00620157335864491)
22510	2.48224860148519	0.00898121099980511	0.0100078237659584)
22610	2.47402063489691	0.00900621987911561	0.00177985717768259)
22710	2.4687072145887	0.0089860663284613	0.00353356313052267)
22810	2.46879683704514	0.00897996755289135	0.00344394067409137)
22910	2.47179794874357	0.00893625397363002	0.000442828975658394)
23010	2.47045501899705	0.00891717214265168	0.00178575872217257)
23110	2.46955206045721	0.00889871057800272	0.0026887172620178)
23210	2.48418584713668	0.00882921260095368	0.0119450694174557)
23310	2.48478889995886	0.00882313145991396	0.0125481222396311)
23410	2.48381099070823	0.00879283542308249	0.0115702129889996)
23510	2.46772269943469	0.00881408419201753	0.00451807828453799)
23610	2.4697805211942	0.00882655606995678	0.00246025652502446)
23710	2.477618154766	0.00880520581405949	0.00537737704677221)
23810	2.46665903774795	0.00880138397021409	0.00558173997127165)
23910	2.4802616727894	0.00872516615142699	0.00802089507017056)
24010	2.46967651153484	0.0087153282808052	0.00256426618438965)
24110	2.43271757387783	0.00886873220837146	0.0395232038413975)
24210	2.45916464551992	0.00872163568124746	0.0130761321993047)
24310	2.47898978458438	0.00865226486611766	0.00674900686515612)
24410	2.4571168008102	0.00870688020865194	0.0151239769090297)
24510	2.46400523141933	0.00868506504263154	0.00823554629989243)
24610	2.47622915198583	0.00858490787943739	0.00398837426660048)
24710	2.47310093186594	0.00859235233610535	0.000860154146718362)
24810	2.47843125488129	0.00855814890103246	0.00619047716206245)
24910	2.47491797118098	0.00858380547537241	0.00267719346175488)
25010	2.49467342464055	0.00850852345171338	0.0224326469213225)
25110	2.47878853429729	0.0084892696226882	0.00654775657806228)
25210	2.48105899775009	0.00848872445778218	0.00881822003086086)
25310	2.46578038990124	0.00848352000942897	0.00646038781798364)
25410	2.46547729841478	0.00852220481379285	0.00676347930445154)
25510	2.46240406825437	0.0085059686128133	0.00983670946485837)
25610	2.47212831304802	0.00846453778461917	0.000112464671204737)
25710	2.4524869546895	0.00853599787187756	0.0197538230297258)
25810	2.46431528918823	0.0084678634215142	0.0079254885309985)
25910	2.47661355516208	0.00839563006732065	0.00437277744285725)
26010	2.47172272070056	0.00840097761163905	0.000518057018666696)
26110	2.47216249848446	0.0083594561096243	7.82792347702177E-05)
26210	2.45424260019509	0.00844557268190475	0.0179981775241349)
26310	2.48495762747403	0.00827788853361527	0.0127168497548076)
26410	2.477303340453	0.00831226893859729	0.00506256273377126)
26510	2.47348276511398	0.00828364727991835	0.00124198739475601)
26610	2.47128399330444	0.0082993658876023	0.00095678441478908)
26710	2.47661423579977	0.00825464331995617	0.00437345808054435)
26810	2.47938391450298	0.00825867142700385	0.00714313678375555)
26910	2.47922720698392	0.00824109947619077	0.00698642926469661)
27010	2.46811079579405	0.00825875868425201	0.00412998192518055)
27110	2.48063301348584	0.00819668060537545	0.00839223576661308)
27210	2.47468987156593	0.00816478800383554	0.00244909384670366)
27310	2.4846054345255	0.00812683010466128	0.0123646568062705)
27410	2.4677288320279	0.00819411570906711	0.00451194569132385)
27510	2.47880442440169	0.00813519628769952	0.00656364668246212)
27610	2.4770655866825	0.00814952677336892	0.0048248089632783)
27710	2.4750115290395	0.00812373958471082	0.00277075132026861)
27810	2.4780095082046	0.0081009290272881	0.00576873048537818)
27910	2.47570733915177	0.00806855952303379	0.00346656143254442)
28010	2.46176272504822	0.00812653783142332	0.0104780526710058)
28110	2.45904028115643	0.00808977025022627	0.0132004965627996)
28210	2.46830435103184	0.00805196893632152	0.00393642668739114)
28310	2.4847109653236	0.00797945905210812	0.0124701876043778)
28410	2.46725263984353	0.00803562912650875	0.00498813787570063)
28510	2.46098067458753	0.00805826846765328	0.0112601031316926)
28610	2.46431393274583	0.00800356178102805	0.00792684497339202)
28710	2.46748728801634	0.00798318266646194	0.00475348970289069)
28810	2.46366592768537	0.0079900082457838	0.00857485003385516)
28910	2.46191760354872	0.00799710662873229	0.0103231741705052)
29010	2.46325449828665	0.00795326762739517	0.0089862794325728)
29110	2.47914491124852	0.00792538315047354	0.00690413352928898)
29210	2.46848054608882	0.0079307194327586	0.0037602316304044)
29310	2.46233153506077	0.00795513169361665	0.00990924265845239)
29410	2.4649254387172	0.00789113698107413	0.00731533900202885)
29510	2.48188588376023	0.00783611280188563	0.00964510604100122)
29610	2.47866463349857	0.00783028124856551	0.00642385577934812)
29710	2.45294385329899	0.00789496455433396	0.019296924420241)
29810	2.46529118921835	0.00785389488934397	0.00694958850087435)
29910	2.47046699832608	0.00781464062140471	0.00177377939314471)
30010	2.457738251346	0.00781674187752853	0.0145025263732257)
30110	2.46976633791124	0.00780689095951306	0.00247443980799034)
30210	2.47403393869889	0.0077886835139214	0.00179316097965954)
30310	2.46468682261379	0.00779516587659511	0.00755395510544066)
30410	2.46573377433026	0.00777208182910704	0.00650700338896693)
30510	2.45846700818348	0.00781258364027795	0.0137737695357458)
30610	2.4671298596769	0.00772370732521153	0.00511091804232944)
30710	2.46329101026886	0.00774565582952232	0.00894976745036313)
30810	2.48168322585104	0.00768455172640936	0.0094424481318125)
30910	2.48216539543749	0.00766508489081591	0.00992461771826747)
31010	2.45726732750984	0.00773112365087242	0.0149734502093821)
31110	2.47283735859481	0.00766595677208988	0.000596580875586561)
31210	2.46092438715993	0.00771638092661139	0.0113163905592986)
31310	2.49274290393559	0.00758286522017429	0.0205021262163632)
31410	2.47455692889563	0.00762641236409842	0.00231615117640604)
31510	2.46080169640229	0.0076677928834897	0.0114390813169334)
31610	2.47099563389521	0.00761798850109875	0.00124514382401353)
31710	2.4891616521681	0.00752078087392726	0.0169208744488691)
31810	2.46574004373639	0.0076026380537262	0.0065007339828389)
31910	2.46753264152879	0.00758603652602499	0.00470813619043353)
32010	2.46961813785558	0.00758042233671419	0.00262263986364752)
32110	2.48217729799796	0.00751664559720322	0.0099365202787367)
32210	2.46760489937074	0.00753862276006494	0.00463587834848678)
32310	2.4718672835852	0.0075430890970459	0.000373494134027208)
32410	2.47143569719648	0.00754897875014016	0.000805080522745971)
32510	2.47659604770025	0.00747874609348438	0.00435526998102143)
32610	2.45561907523388	0.00754418950390979	0.0166217024853461)
32710	2.47254865956347	0.00744412286041511	0.00030788184424102)
32810	2.4846063953613	0.007410888137038	0.0123656176420699)
32910	2.47498324501859	0.0074471688782136	0.00274246729936145)
33010	2.48225019973891	0.00743524585602049	0.0100094220196802)
33110	2.47023612152916	0.00746606448255567	0.00200465619006263)
33210	2.46256261476574	0.00745463939809616	0.00967816295348634)
33310	2.46260018042313	0.00745914756665879	0.00964059729609446)
33410	2.48686700083298	0.00737314036637568	0.0146262231137548)
33510	2.47176905818396	0.00739048192039578	0.000471719535269699)
33610	2.46508331467163	0.00739452948850028	0.00715746304759834)
33710	2.47484095797091	0.00734394104751209	0.0026001802516884)
33810	2.47286187988384	0.00734881379285059	0.000621102164611198)
33910	2.48218637072927	0.00735366958137829	0.00994559301003894)
34010	2.47668630409305	0.00732706765319369	0.00444552637382811)
34110	2.46729132003807	0.00734763748856816	0.0049494576811604)
34210	2.47003833648628	0.00732895828200374	0.00220244123294844)
34310	2.46755775442387	0.00732702450522339	0.00468302329535231)
34410	2.47090476106782	0.00728998402475995	0.00133601665140759)
34510	2.46348756266867	0.00729876927622186	0.00875321505055959)
34610	2.46530102971557	0.00730356318984722	0.00693974800366082)
34710	2.48275768260262	0.00725647090974981	0.0105169048833922)
34810	2.46716077679305	0.00727851332143495	0.00508000092617333)
34910	2.47412798167616	0.00723333651459658	0.00188720395692865)
35010	2.47986148194517	0.00720532731290628	0.00762070422593952)
35110	2.46612621090358	0.00721865013731304	0.00611456681564349)
35210	2.46897917216706	0.00722131611107581	0.00326160555216459)
35310	2.46749955380993	0.00721786145132994	0.00474122390929299)
35410	2.46467982700013	0.00721674970667375	0.0075609507190979)
35510	2.46924547849085	0.00717588089792259	0.00299529922837483)
35610	2.47379838071512	0.00717472192244605	0.00155760299589103)
35710	2.47591236897896	0.00713896075288329	0.00367159125972938)
35810	2.47171923054579	0.00715623141565911	0.000521547173431891)
35910	2.46535841186851	0.00718145982324512	0.006882365850712)
36010	2.4657414660196	0.00713368967073207	0.00649931169962459)
36110	2.45900746022752	0.00717935813732238	0.0132333174917085)
36210	2.4760672676877	0.0071305013916841	0.00382648996847434)
36310	2.47064644010895	0.0071193684268037	0.00159433761027694)
36410	2.4821874149128	0.00705885818153835	0.00994663719357591)
36510	2.47246333929614	0.00709927778296412	0.00022256157691336)
36610	2.47558936054378	0.00704786980033092	0.00334858282455386)
36710	2.46653869032167	0.0070773440337173	0.00570208739755973)
36810	2.46636535585674	0.00707782764291596	0.00587542186248191)
36910	2.47382493821789	0.00702743913901559	0.00158416049866705)
37010	2.47353271165057	0.00703625893302202	0.00129193393134353)
37110	2.47706120833846	0.00701972148494247	0.00482043061923187)
37210	2.46065615134889	0.00705554700285519	0.0115846263703392)
37310	2.4785593179803	0.00698280786538552	0.00631854026107348)
37410	2.47635955239874	0.00697456239120475	0.0041187746795126)
37510	2.46072649904408	0.00703097229791513	0.0115142786751488)
37610	2.47197976269778	0.00697446951882554	0.000261015021444155)
37710	2.47585163584541	0.006955556818368	0.00361085812617956)
37810	2.48367666262198	0.00694753712750065	0.0114358849027525)
37910	2.47019311456069	0.0069568541659093	0.00204766315853755)
38010	2.46739160264455	0.00697513826385938	0.00484917507467575)
38110	2.47014898727367	0.00693686004256596	0.00209179044555752)
38210	2.47607829445828	0.00688480459971161	0.0038375167390563)
38310	2.47654261451726	0.00688849307844502	0.00430183679802854)
38410	2.47227514494728	0.0069138655150718	3.4367228052723E-05)
38510	2.47251381889009	0.00687914623071894	0.000273041170860022)
38610	2.4695090586666	0.0068951399378884	0.00273171905262526)
38710	2.46189166369954	0.00689415418131499	0.0103491140196872)
38810	2.46880149982276	0.00686834945243809	0.00343927789646603)
38910	2.46128345433984	0.00689289663759341	0.0109573233793894)
39010	2.472012039911	0.00684890094163549	0.0002287378082233)
39110	2.47934360713965	0.00681081005365022	0.00710282942042362)
39210	2.4797834314789	0.00681324421750059	0.007542653759673)
39310	2.46740163441352	0.00685079175663058	0.00483914330570423)
39410	2.47179836089317	0.00683242184977057	0.000442416826060832)
39510	2.46944813365723	0.00679959651761788	0.00279264406199209)
39610	2.47118208287131	0.00681189345662355	0.00105869484791832)
39710	2.46385976007424	0.00681996389704983	0.00838101764498678)
39810	2.47595231610675	0.00675787023026467	0.00371153838751948)
39910	2.46526584180338	0.00679565297418889	0.00697493591584619)
40010	2.48124852759676	0.00675001715295292	0.00900774987753117)
40110	2.47288956733516	0.00674732268913577	0.000648789615934398)
40210	2.47576468953571	0.00674431659751947	0.00352391181648226)
40310	2.46459017941095	0.00673889155782427	0.00765059830827619)
40410	2.47088770174107	0.00671683111975674	0.00135307597816015)
40510	2.48299552317919	0.00669312175055127	0.0107547454599679)
40610	2.46730771265084	0.00671556565048789	0.00493306506838964)
40710	2.47836409074935	0.00669721107914296	0.00612331303011882)
40810	2.47701276513214	0.00669402858226174	0.00477198741291796)
40910	2.47648622459206	0.0066637381584874	0.00424544687283657)
41010	2.48348807649239	0.00665734079216765	0.0112472987731653)
41110	2.46882164926607	0.00668047369121889	0.00341912845315706)
41210	2.4815425971653	0.00666080286292803	0.009301819446077)
41310	2.47834111217885	0.00663205745376389	0.00610033445962799)
41410	2.47277730798776	0.00664094987379741	0.000536530268537838)
41510	2.47714292364694	0.00664612319439581	0.00490214592771254)
41610	2.47107634525111	0.00663001146498295	0.00116443246811304)
41710	2.47455771394304	0.00661990350004701	0.00231693622380913)
41810	2.48085866707599	0.00660664493293761	0.00861788935676433)
41910	2.4845250547611	0.00657757613857909	0.0122842770418741)
42010	2.4746736791728	0.0065822731411886	0.00243290145357644)
42110	2.47149398513601	0.00661477344776215	0.000746792583218969)
42210	2.46337751700602	0.00661150569340445	0.00886326071320509)
42310	2.47105818930231	0.00659760632834031	0.0011825884169161)
42410	2.46872961683208	0.00658299999595219	0.00351116088714321)
42510	2.4652535893895	0.00659669489562508	0.00698718832972833)
42610	2.47255926717913	0.00655646459155724	0.000318489459902427)
42710	2.47130535672634	0.00657175782213069	0.000935420992886016)
42810	2.47814066587875	0.00652762109345286	0.00589988815951914)
42910	2.47742121255724	0.00652079499440893	0.00518043483801556)
43010	2.46336861241299	0.00656177680524878	0.00887216530623514)
43110	2.4788518227068	0.00650343302897298	0.00661104498757092)
43210	2.47729501701801	0.00650752801915769	0.00505423929878246)
43310	2.47204871152904	0.00650922964792713	0.00019206619019041)
43410	2.46608251450335	0.00650345568462699	0.00615826321587676)
43510	2.4709773093647	0.00649932860112923	0.00126346835453051)
43610	2.47230060927212	0.00648381447401309	5.98315528890225E-05)
43710	2.48328944360231	0.00644629080721094	0.0110486658830817)
43810	2.47096281219506	0.00646388096367081	0.00127796552416282)
43910	2.47466641385711	0.00642940918048217	0.00242563613788116)
44010	2.47482532181949	0.00646293578027368	0.00258454410026721)
44110	2.4731668787491	0.00644469566504348	0.000926101029868676)
44210	2.48108532307993	0.00642971252185947	0.00884454536070711)
44310	2.47664063615041	0.00643542068078565	0.00439985843118151)
44410	2.47219874118805	0.00642921850187557	4.20365311755155E-05)
44510	2.47508878628038	0.00640612901077075	0.00284800856115686)
44610	2.46733125709574	0.00643360790069273	0.0049095206234866)
44710	2.47569479486576	0.00638110898419073	0.00345401714653049)
44810	2.47358479203951	0.00637637306672359	0.0013440143202863)
44910	2.46981379535344	0.00638662510004495	0.00242698236578809)
45010	2.46668563184228	0.00639671487519535	0.00555514587694583)
45110	2.46239970326037	0.0064120893772358	0.00984107445885885)
45210	2.4705437004849	0.00635256329864639	0.00169707723432388)
45310	2.46897259286949	0.00636759229113703	0.00326818484973446)
45410	2.47601515315696	0.00635509416314421	0.00377437543773373)
45510	2.46818633331968	0.0063483595449826	0.00405444439955094)
45610	2.47316229127465	0.00633069086758016	0.000921513555421694)
45710	2.46560384548239	0.00634061047790817	0.00663693223684136)
45810	2.47811189412691	0.0063185703188651	0.00587111640768745)
45910	2.47464687359017	0.00631977643147702	0.00240609587094065)
46010	2.47128800571673	0.00633709031920447	0.000952772002501323)
46110	2.47123361527122	0.00630575496256506	0.00100716244800703)
46210	2.47689670548021	0.00628045153344756	0.004655927760981)
46310	2.47511888345504	0.00628425689378434	0.00287810573580982)
46410	2.47572576041543	0.00628587360208177	0.00348498269620778)
46510	2.47950430052023	0.00625076824652113	0.00726352280100606)
46610	2.47583726184113	0.00626501014204198	0.00359648412189983)
46710	2.47218013481947	0.00624742539721219	6.06428997582675E-05)
46810	2.48225577900074	0.00622862371738051	0.0100150012815119)
46910	2.47921637715881	0.00622952472577496	0.00697559943958037)
47010	2.474356399917	0.0062339361460194	0.00211562219777006)
47110	2.47832984912862	0.00621967686265257	0.00608907140939463)
47210	2.46701880995843	0.00623180726735378	0.0052219677607952)
47310	2.485971237047	0.00618892276476542	0.0137304593277716)
47410	2.47254287083352	0.00620929140777789	0.000302093114292301)
47510	2.47280672585519	0.00620407510433236	0.000565948135965222)
47610	2.48148809229393	0.00617594283398905	0.00924731457470251)
47710	2.47484839113656	0.00618263504453557	0.00260761341732962)
47810	2.47925714637437	0.00617389841026405	0.00701636865514788)
47910	2.46008199154917	0.00622068495494024	0.0121587861700543)
48010	2.46992560303743	0.00618252060386734	0.00231517468179732)
48110	2.47221786901194	0.00616284101282751	2.29087072867173E-05)
48210	2.46969399959294	0.00615775597142021	0.00254677812628712)
48310	2.47317209405079	0.00614448958999705	0.000931316331561849)
48410	2.47437743680178	0.0061371224660955	0.00213665908255534)
48510	2.45262443716045	0.00619768578660837	0.019616340558775)
48610	2.4728903175437	0.00613594098298224	0.000649539824471912)
48710	2.47993945377392	0.0061200256814381	0.00769867605469354)
48810	2.4655557698732	0.00612631270607163	0.00668500784602744)
48910	2.47995256857764	0.00609298156933257	0.00771179085841078)
49010	2.46724659149034	0.00610822778006276	0.00499418622888914)
49110	2.47327406668022	0.00609899206322835	0.00103328896099564)
49210	2.47348946726013	0.00609156697710682	0.00124868954090518)
49310	2.47165851939613	0.00611627779521228	0.00058225832309633)
49410	2.48480088183554	0.00605642805423985	0.0125601041163175)
49510	2.48508285897317	0.00604650466209712	0.0128420812539445)
49610	2.47006755639481	0.0060935318418911	0.00217322132442144)
49710	2.47414391620216	0.00607357677521125	0.00190313848293622)
49810	2.4724762073281	0.00607332459787743	0.000235429608875126)
49910	2.4715613364735	0.00604934552259696	0.000679441245724277)
50010	2.46730986372762	0.00606515780273682	0.00493091399160583)
50110	2.46967239135188	0.00604770133229898	0.00256838636734846)
50210	2.47612078261943	0.00603875704482725	0.00388000490020435)
50310	2.47196099439524	0.00603127961094811	0.000279783323990035)
50410	2.46680902601238	0.00603656085662547	0.00543175170684274)
50510	2.47328336840477	0.00602018421393654	0.00104259068554402)
50610	2.46755832261229	0.00603015192653568	0.00468245510693732)
50710	2.46711050861258	0.00603803176384975	0.00513026910664927)
50810	2.47112092154394	0.00601166027099524	0.0011198561752841)
50910	2.48043926023998	0.00598334745359417	0.00819848252075372)
51010	2.47769330248415	0.00597601577465576	0.00545252476492264)
51110	2.47184643426413	0.00598615286228958	0.000394343455091928)
51210	2.47401824201525	0.00597445486956996	0.00177746429601999)
51310	2.46287151633832	0.00599647642617238	0.00936926138090666)
51410	2.47554079601017	0.00595318987517873	0.00330001829094551)
51510	2.47635378723893	0.00595046040317918	0.00411300951970617)
51610	2.47321110146047	0.00595403008037411	0.000970323741244172)
51710	2.46459128432833	0.00599165251634954	0.00764949339089993)
51810	2.47061822349875	0.00594408793118288	0.00162255422048041)
51910	2.46706635560435	0.00595540072205606	0.00517442211488151)
52010	2.46579641880548	0.0059478900451259	0.00644435891374195)
52110	2.46850036390493	0.00594129072756608	0.0037404138142918)
52210	2.4763624424444	0.00590772555455204	0.00412166472517406)
52310	2.4737462177643	0.00591224035234614	0.00150544004507003)
52410	2.47505498885132	0.00590150919529127	0.00281421113208857)
52510	2.46774255280986	0.00593152479528476	0.00449822490936258)
52610	2.4868093263577	0.00585660528322102	0.0145685486384695)
52710	2.4693122869339	0.00590502506982855	0.00292849078532242)
52810	2.4751197180582	0.00586836846991958	0.00287894033897285)
52910	2.46838557205565	0.00589802092680996	0.00385520566357522)
53010	2.47892912813346	0.00585815028130352	0.00668835041423188)
53110	2.46351742708944	0.00588490914405239	0.0087233506297828)
53210	2.46446192453366	0.00588908406239897	0.00777885318556937)
53310	2.48053526875328	0.00584970514784947	0.00829449103404878)
53410	2.46649818159592	0.00586997707589599	0.00574259612330508)
53510	2.47062655761057	0.00585102560607992	0.00161422010865797)
53610	2.47447051844317	0.00583145756669623	0.00222974072394821)
53710	2.47805971573115	0.0058096155422606	0.00581893801191891)
53810	2.48150458823798	0.00580633901116348	0.00926381051875369)
53910	2.47601775188491	0.00582973391171941	0.0037769741656839)
54010	2.47164387921522	0.0058335019997045	0.000596898504006127)
54110	2.46230983924263	0.00583693681476233	0.00993093847660154)
54210	2.47080212763638	0.00581041399683851	0.00143865008284561)
54310	2.47077111774376	0.0058088888751254	0.00146965997546422)
54410	2.46663875421344	0.0058146807641173	0.00560202350578454)
54510	2.46894989339402	0.0057980603032782	0.00329088432520797)
54610	2.46476299561818	0.00581058490450318	0.00747778210104455)
54710	2.46738644428337	0.00578632125595791	0.00485433343585395)
54810	2.46834677738299	0.00579578387673191	0.00389400033624066)
54910	2.47446030774264	0.00577599310114112	0.00221953002340847)
55010	2.4760491053359	0.00576080727518762	0.00380832761667582)
55110	2.46871535147789	0.0057673514799704	0.00352542624134156)
55210	2.47281141878571	0.00575700770396515	0.00057064106648097)
55310	2.47426984531964	0.00575756431383483	0.00202906760041133)
55410	2.47848091840197	0.00574824808922865	0.00624014068274814)
55510	2.4769486075975	0.00574270787670945	0.00470782987827212)
55610	2.46919715694164	0.00574814156147709	0.00304362077758658)
55710	2.46973814624539	0.00574262392126133	0.00250263147383345)
55810	2.47448052050903	0.00572757870866	0.00223974278980377)
55910	2.4670393025337	0.00573731161642952	0.00520147518552649)
56010	2.46848243863635	0.00571893695620939	0.00375833908287815)
56110	2.46838709166566	0.00572460189050333	0.00385368605356584)
56210	2.48107742830962	0.00569186668021212	0.00883665059039584)
56310	2.47730622241969	0.00568978186080259	0.0050654447004681)
56410	2.47931830248192	0.00567423117602849	0.00707752476268997)
56510	2.48014017181037	0.00568147645439452	0.00789939409114515)
56610	2.47087232674394	0.00569030415604692	0.00136845097529115)
56710	2.47041704874697	0.00568777314750645	0.00182372897226069)
56810	2.46982759461611	0.00567790974914339	0.00241318310311645)
56910	2.47075592556769	0.0056844785451832	0.0014848521515396)
57010	2.48042614876237	0.00565009195639533	0.00818537104314476)
57110	2.4723219073661	0.00566183926168397	8.1129646874345E-05)
57210	2.47824301737942	0.00564990578541377	0.00600223966018998)
57310	2.47005081131129	0.00565004969650429	0.00218996640793678)
57410	2.47613659213336	0.00563889312119848	0.00389581441413611)
57510	2.47819762442507	0.00563430920256287	0.00595684670583996)
57610	2.47568671920664	0.00561480189614411	0.00344594148740907)
57710	2.47174110922854	0.00564778913852193	0.00049966849068328)
57810	2.4767011636162	0.0056169610550352	0.00446038589696984)
57910	2.46824381871109	0.00564115622956328	0.00399695900813812)
58010	2.47020222840287	0.00561511909623475	0.00203854931635661)
58110	2.47776228913839	0.00558679074745643	0.00552151141916823)
58210	2.47276843360619	0.00561130586139895	0.000527655886967793)
58310	2.47297581219383	0.00560523397498184	0.00073503447460066)
58410	2.46886640318369	0.00560034762099999	0.00337437453553724)
58510	2.48303574968232	0.00556902558743289	0.0107949719630964)
58610	2.47294187356101	0.00558345212247935	0.000701095841782351)
58710	2.47937152713728	0.00557546652225064	0.00713074941805125)
58810	2.46975636653575	0.00558749983898009	0.00248441118347609)
58910	2.47164691113739	0.00558662916044978	0.000593866581833691)
59010	2.47189862126	0.0055565549797289	0.000342156459225418)
59110	2.46621947327614	0.00556922607976998	0.00602130444309079)
59210	2.47446716267284	0.00554856710707428	0.0022263849536146)
59310	2.47389467542065	0.00554210387580131	0.00165389770142355)
59410	2.4659138283368	0.00556837568368795	0.0063269493824305)
59510	2.47757928984682	0.00553051155209334	0.00533851212759107)
59610	2.47231653105663	0.00554130525931595	7.57533374078356E-05)
59710	2.47441418327611	0.00553137238166298	0.0021734055568805)
59810	2.46987470201028	0.00554720169383349	0.00236607570894298)
59910	2.46835550766386	0.00554664162724188	0.0038852700553651)
60010	2.46777750339435	0.00552538167646758	0.0044632743248787)
60110	2.48122859133274	0.00551651981733166	0.00898781361351597)
60210	2.46921800736038	0.00552212767066578	0.00302277035884835)
60310	2.47107957925099	0.00550803771486951	0.00116119846823715)
60410	2.46629765773367	0.00552802162145419	0.0059431199855613)
60510	2.46563938495575	0.00551440322309277	0.00660139276347582)
60610	2.46590972522398	0.00550990266500822	0.00633105249524579)
60710	2.46965376616495	0.00551230188276938	0.0025870115542741)
60810	2.4825070329961	0.00547907889917387	0.0102662552768753)
60910	2.47040367584212	0.00549128461624329	0.00183710187711128)
61010	2.48576944263259	0.00545292536677331	0.0135286649133652)
61110	2.47797406507116	0.00546792145655325	0.0057332873519349)
61210	2.4759095794065	0.00547069872256204	0.00366880168727546)
61310	2.47698697504717	0.00544541695329296	0.00474619732794812)
61410	2.47048528052535	0.0054456755350537	0.00175549719388135)
61510	2.46020625006305	0.00547906385465572	0.0120345276561746)
61610	2.4740076489923	0.00542688439846217	0.00176687127307718)
61710	2.47237386555466	0.00544733669000503	0.000133087835433088)
61810	2.47139562994497	0.00545148629686725	0.000845147774256816)
61910	2.47708845285019	0.00544635768031029	0.0048476751309634)
62010	2.47822793421166	0.00541873725483598	0.0059871564924312)
62110	2.46586578263666	0.00543934403359775	0.00637499508256756)
62210	2.47030906239287	0.00541649452467708	0.00193171532635228)
62310	2.47252180993682	0.00542520057356593	0.000281032217592347)
62410	2.47437054003837	0.00541350365899017	0.00212976231913853)
62510	2.47430445010295	0.00539930389224303	0.00206367238371907)
62610	2.46626977165427	0.00542262595429837	0.00597100606496115)
62710	2.47598174769136	0.00539754226533096	0.0037409699721338)
62810	2.46716878297461	0.00541292059281099	0.00507199474462094)
62910	2.47065642325234	0.00539262184799818	0.00158435446689031)
63010	2.46477068975354	0.00539807415587863	0.00747008796568904)
63110	2.47445090421721	0.00537361318006612	0.00221012649798213)
63210	2.46553541158893	0.00539950170655559	0.00670536613029737)
63310	2.46776286624049	0.00538001243609341	0.00447791147873922)
63410	2.48480317958242	0.00534015898446824	0.0125624018631898)
63510	2.46337033155046	0.0053915423933774	0.00887044616876631)
63610	2.47082988250963	0.00537177627672094	0.00141089520959836)
63710	2.46443638530335	0.00537321694539663	0.00780439241587194)
63810	2.46232737673499	0.00538010509559362	0.00991340098423432)
63910	2.45857256803989	0.00538557290842313	0.0136682096793392)
64010	2.47544861933229	0.00533400246189107	0.00320784161306431)
64110	2.47572033910596	0.00533545874492343	0.00347956138673666)
64210	2.47764768937697	0.00532854214594776	0.00540691165773977)
64310	2.47978647715094	0.00532902507868189	0.00754569943171512)
64410	2.47282891261208	0.00533093281233875	0.000588134892850256)
64510	2.46834670190804	0.00533799139561125	0.00389407581118872)
64610	2.4868145213992	0.00529554383212228	0.0145737436799767)
64710	2.46930134493219	0.00532935003835644	0.00293943278704045)
64810	2.47649345400571	0.00530662699925888	0.0042526762864874)
64910	2.47230995714074	0.00530873677882088	6.91794215099684E-05)
65010	2.46516830114291	0.0053360015649527	0.00707247657631616)
65110	2.4767467057464	0.00529326142306912	0.00450592802717242)
65210	2.47557953946857	0.00529780890426518	0.00333876174934744)
65310	2.47050268550863	0.00529582595550185	0.00173809221059473)
65410	2.47138116123184	0.0052923976767656	0.000859616487382198)
65510	2.46796780794939	0.00530131659192483	0.00427296976983182)
65610	2.47285175413414	0.00528210318371411	0.000610976414918252)
65710	2.46705654419448	0.00528992257144412	0.00518423352474917)
65810	2.47361647491045	0.00527011746323614	0.00137569719122244)
65910	2.47830869215469	0.0052545132095801	0.00606791443546628)
66010	2.47114522129207	0.0052658847994293	0.0010955564271562)
66110	2.47492592398267	0.00525801777191589	0.00268514626344363)
66210	2.47005663079571	0.00525859176937848	0.00218414692351665)
66310	2.47530415345918	0.0052576153571237	0.00306337573995075)
66410	2.4648647507829	0.00526759071806391	0.00737602693633033)
66510	2.46939542134999	0.00525792266050605	0.00284535636923433)
66610	2.46514646157875	0.00527055343773285	0.00709431614047729)
66710	2.47572745770139	0.00523362719831085	0.00348667998216134)
66810	2.47117383067697	0.00523275925219357	0.00106694704225996)
66910	2.4748699020491	0.00524759044187223	0.00262912432987461)
67010	2.47919048690612	0.00521451907913356	0.0069497091868933)
67110	2.4641845399447	0.00523642302496728	0.00805623777452347)
67210	2.47535192602623	0.0052206710758233	0.0031111483070001)
67310	2.46397658840289	0.00522751535883186	0.00826418931633599)
67410	2.47308338094282	0.00520383075867035	0.000842603223597749)
67510	2.47047177015729	0.00519547809617133	0.00176900756193321)
67610	2.46717393681845	0.0052163485892684	0.00506684090077236)
67710	2.47518262081755	0.00519164537095736	0.00294184309832302)
67810	2.47405835447312	0.00519103379582883	0.00181757675389083)
67910	2.47012800407388	0.00519163647308867	0.00211277364534279)
68010	2.46149099983889	0.00521204254024729	0.0107497778803385)
68110	2.47809515983007	0.00518496311114166	0.00585438211083966)
68210	2.47532569722545	0.00516324464797187	0.00308491950622747)
68310	2.48050457782971	0.00516862735326354	0.00826380011048444)
68410	2.46755096974653	0.00518708268473313	0.00468980797269891)
68510	2.47656391437272	0.00514625019559859	0.00432313665349326)
68610	2.47895104304387	0.00515203823042252	0.00671026532464536)
68710	2.47759563000828	0.00516318614214968	0.0053548522890563)
68810	2.47355226304058	0.00515850471135743	0.00131148532135716)
68910	2.47236248399486	0.005159237974992	0.000121706275636235)
69010	2.46476772041069	0.00518397043500483	0.00747305730854064)
69110	2.4724609527247	0.00515709347900146	0.000220175005475109)
69210	2.47293248024862	0.00514437827821342	0.000691702529390881)
69310	2.4707318300822	0.00515354935244184	0.00150894763702825)
69410	2.47679429964856	0.00513041733712887	0.00455352192933223)
69510	2.48419190782131	0.0051053650121202	0.0119511301020832)
69610	2.46577084686122	0.00514222447166661	0.0064699308580054)
69710	2.47556662507946	0.00512766353986202	0.00332584736023689)
69810	2.47039436653916	0.00512080791835247	0.00184641118006157)
69910	2.47097532471796	0.00512222868441014	0.00126545300126502)
70010	2.46921306635086	0.00512197366440826	0.00302771136837121)
70110	2.474755014098	0.00510041525003937	0.00251423637877446)
70210	2.47258086184445	0.00509999305522059	0.000340084125227236)
70310	2.471643799877	0.00510732267668605	0.000596977842222568)
70410	2.4789195900483	0.00509736930229666	0.00667881232906931)
70510	2.47604140544865	0.00508912965303442	0.00380062772942358)
70610	2.47600268001578	0.00508331820632843	0.00376190229655604)
70710	2.47526402973698	0.00507392363731406	0.00302325201775355)
70810	2.46573703076608	0.00508732585439955	0.00650374695315081)
70910	2.467470018597	0.00509699537382316	0.00477075912222302)
71010	2.47742998031198	0.0050699364638873	0.00518920259275468)
71110	2.4746001400532	0.00507438270709111	0.0023593623339746)
71210	2.46358625040963	0.00509748652825393	0.00865452730959193)
71310	2.46778467291264	0.00507029450018773	0.00445610480658321)
71410	2.47031266288799	0.00507237553461417	0.00192811483124)
71510	2.47529288849045	0.00504864146697603	0.00305211077122403)
71610	2.47282785118572	0.00505996291110605	0.000587073466498111)
71710	2.46405108534579	0.00505649330054153	0.0081896923734357)
71810	2.46865128572149	0.00505771657899117	0.0035894919977415)
71910	2.46950118002764	0.00505995882139643	0.00273959769158338)
72010	2.46801050118668	0.00506210710560023	0.00423027653254282)
72110	2.46917775460223	0.0050351628414686	0.00306302311700124)
72210	2.46841800927195	0.00503054582362252	0.00382276844727825)
72310	2.47124643476467	0.00503755654113652	0.000994342954559357)
72410	2.46623991852932	0.0050409776706778	0.00600085918990167)
72510	2.46846787581308	0.00503179743182846	0.00377290190615032)
72610	2.46913510690264	0.00502373528389397	0.0031056708165873)
72710	2.47416760692579	0.00501486091988661	0.00192682920656351)
72810	2.4790270869227	0.00499101023006466	0.0067863092034699)
72910	2.47275491709926	0.00500980944930888	0.000514139380035861)
73010	2.47265667921726	0.0050209967941691	0.000415901498028948)
73110	2.47288973713009	0.0050088978236642	0.000648959410863181)
73210	2.46930731335381	0.00499962337513015	0.00293346436541508)
73310	2.46718548151358	0.00500963567832256	0.00505529620564982)
73410	2.46729593940104	0.0050018508882539	0.00494483831818426)
73510	2.47839061179481	0.00497900734709736	0.00614983407558345)
73610	2.47128891141059	0.00499858897988025	0.000951866308635196)
73710	2.46785400829319	0.00499908949218276	0.004386769426036)
73810	2.47339449012052	0.00497491513788321	0.00115371240129081)
73910	2.47913696361661	0.00497182631720396	0.00689618589738128)
74010	2.46820439593825	0.00498430993290944	0.00403638178097721)
74110	2.47328401392925	0.00496228306291834	0.00104323621002722)
74210	2.47335362297577	0.00496679699571095	0.00111284525654742)
74310	2.46228951024051	0.00497663515539318	0.00995126747871655)
74410	2.47259235709994	0.00496288002393918	0.000351579380715616)
74510	2.46852432262444	0.00495975916002113	0.00371645509478657)
74610	2.47111825272193	0.00495814306693488	0.00112252499729903)
74710	2.4692093082171	0.00495302386299612	0.00303146950212252)
74810	2.4664117787251	0.00495810423402737	0.00582899899412626)
74910	2.47162821899757	0.00494911293298261	0.00061255872165189)
75010	2.47424488206106	0.00493491322358962	0.00200410434182929)
75110	2.47413787038186	0.00493425397258834	0.00189709266263183)
75210	2.46537282789184	0.00495870275039175	0.00686794982738936)
75310	2.48271071319639	0.00491347532690084	0.0104699354771634)
75410	2.48225059795019	0.00490163248567085	0.0100098202309651)
75510	2.46487711448167	0.00495026433213004	0.00736366323755888)
75610	2.47159823325265	0.00491554652819355	0.000642544466579409)
75710	2.47701798107804	0.00491964024152779	0.00477720335881715)
75810	2.47419468563769	0.00491940269532801	0.00195390791846561)
75910	2.46683989698176	0.0049252058208387	0.0054008807374708)
76010	2.47231869272042	0.00490331560452788	7.79150011895879E-05)
76110	2.46567646482767	0.0049206033306913	0.00656431289156068)
76210	2.483039640241	0.00487569436329642	0.0107988625217783)
76310	2.47486840692428	0.00489067109967085	0.00262762920505555)
76410	2.47545910191767	0.00489605433840935	0.00321832419844537)
76510	2.48109204782755	0.00487554821180818	0.00885127010832676)
76610	2.47353588591983	0.00488474959524711	0.00129510820059897)
76710	2.47829783863029	0.00487668175884453	0.00605706091106262)
76810	2.47119157999733	0.00489029785942538	0.00104919772189405)
76910	2.48288526893959	0.00485984643482915	0.0106444912203658)
77010	2.47351891932322	0.00485963735515614	0.00127814160399486)
77110	2.47471657697051	0.00486724649377569	0.00247579925128782)
77210	2.47560122416096	0.004862686959103	0.00336044644173095)
77310	2.47244865827584	0.00485897701411508	0.000207880556609918)
77410	2.46442803549972	0.00486993483394874	0.00781274221950445)
77510	2.47265090585153	0.00485444751186842	0.000410128132304344)
77610	2.46378095393223	0.00486578187047717	0.00845982378699306)
77710	2.46319856877595	0.00487555030899962	0.00904220894327334)
77810	2.47941397762185	0.00483379537175938	0.00717319990262277)
77910	2.46382201228239	0.00486429831570092	0.0084187654368364)
78010	2.47323693999559	0.0048447696913267	0.000996162276362789)
78110	2.47330501356729	0.00484578408903817	0.00106423584806148)
78210	2.47603729082309	0.00482914328077208	0.00379651310386597)
78310	2.46843656042933	0.00483975832389884	0.00380421728989333)
78410	2.46531305976692	0.00484292328446953	0.0069277179523084)
78510	2.4712832819583	0.00483120688497952	0.00095749576092663)
78610	2.46967235720371	0.00482572029459482	0.0025684205155132)
78710	2.47207756554012	0.00482225608191835	0.000163212179109085)
78810	2.47376127959904	0.0048266382366316	0.00152050187981523)
78910	2.46885611047373	0.00482156804498891	0.00338466724549225)
79010	2.47319126146935	0.00481893064885771	0.000950483750125297)
79110	2.47361123630548	0.00481075592225326	0.00137045858624996)
79210	2.46940128334529	0.00480828247085375	0.0028394943739336)
79310	2.4696878173962	0.00480627416158041	0.00255296032303143)
79410	2.48197943028438	0.00478769640290858	0.00973865256514905)
79510	2.46793873040423	0.0048077284409219	0.00430204731499462)
79610	2.46662983905095	0.00480592771735915	0.005610938668279)
79710	2.46493740581987	0.00481003514451598	0.00730337189935826)
79810	2.4771985744649	0.00479288435051389	0.00495779674567576)
79910	2.47673940220023	0.00477551871629435	0.00449862448100236)
80010	2.46949962515844	0.00478322647240599	0.002741152560783)
80110	2.47054314472808	0.0047832072531085	0.00169763299114711)
80210	2.48374400719639	0.00475920507736252	0.0115032294771602)
80310	2.4678058954319	0.00478516000531769	0.00443488228732969)
80410	2.47553354699456	0.00477221169242209	0.00329276927533284)
80510	2.46466494342628	0.00479251250573334	0.00757583429295128)
80610	2.47007474490856	0.00477808136236383	0.00216603281067007)
80710	2.47706985017896	0.00474948788181567	0.00482907245973374)
80810	2.47919247228247	0.0047410955594995	0.00695169456324329)
80910	2.47250224758926	0.00475680320837528	0.000261469870034059)
81010	2.47555425352009	0.00474155214170733	0.00331347580086305)
81110	2.47675479384128	0.00474920830758804	0.00451401612205427)
81210	2.47002750202699	0.00475225084879007	0.00221327569223329)
81310	2.47597107553962	0.00474369116936289	0.00373029782039813)
81410	2.47529981600877	0.0047365825665752	0.00305903828954079)
81510	2.47895474683436	0.00473459010272331	0.00671396911513122)
81610	2.46802279153446	0.00474891852027425	0.00421798618477132)
81710	2.47423553368796	0.00473999088925927	0.00199475596873411)
81810	2.47048249568485	0.00473827788580235	0.00175828203437334)
81910	2.46381872411146	0.00474849825055945	0.00842205360776926)
82010	2.46376069649608	0.00473763539327799	0.00848008122314381)
82110	2.47149821846061	0.00472229339343765	0.000742559258614328)
82210	2.47829561248594	0.00470911502952666	0.00605483476671509)
82310	2.4719616735154	0.00471005004530396	0.000279104203821934)
82410	2.47592093998182	0.00470556718680944	0.0036801622625906)
82510	2.47207878241259	0.00471684687647086	0.000161995306632079)
82610	2.46282208689462	0.00473340153827241	0.00941869082460389)
82710	2.47631174794871	0.00469445408322696	0.00407097022947989)
82810	2.47916113164517	0.00469095860484852	0.00692035392594548)
82910	2.48003384224811	0.00467983591368551	0.00779306452888529)
83010	2.4669397525221	0.00470832267847473	0.00530102519712861)
83110	2.47619690343999	0.00468477461967817	0.00395612572076542)
83210	2.47064570629026	0.00470296243847916	0.0015950714289672)
83310	2.4719010639197	0.00468040870907961	0.000339713799527352)
83410	2.48027412509636	0.00467157982782273	0.00803334737713834)
83510	2.47553048913262	0.00467736159451029	0.0032897114133954)
83610	2.47147802206385	0.00468500513993751	0.000762755655374203)
83710	2.46605242039749	0.00469544571870515	0.00618835732173917)
83810	2.47549668903227	0.00466510791285888	0.00325591131303904)
83910	2.47640584236248	0.00465475837680555	0.0041650646432525)
84010	2.47660011886613	0.00466085976706076	0.00435934114690539)
84110	2.47197439130279	0.00466911834709946	0.000266386416433395)
84210	2.46609724873443	0.00467441433640755	0.00614352898479842)
84310	2.4735170851125	0.0046545994426721	0.00127630739327156)
84410	2.46902186268873	0.00466453131814384	0.00321891503049221)
84510	2.46945756578299	0.00466053049801792	0.0027832119362321)
84610	2.47647477705741	0.00464288868650934	0.00423399933818125)
84710	2.48184636393506	0.00462697292702601	0.00960558621583374)
84810	2.47297189657326	0.00464786597541747	0.000731118854033319)
84910	2.46406687304876	0.00467260599310811	0.00817390467046275)
85010	2.47210517821111	0.00463863278243002	0.000135599508114037)
85110	2.46823356692552	0.00465298229180232	0.00400721079370703)
85210	2.46835470484735	0.00464082726604611	0.00388607287187615)
85310	2.4717832603855	0.00462820678806343	0.000457517333727342)
85410	2.4803674478717	0.00460620596539583	0.00812667015247337)
85510	2.46895379426041	0.00463846441125964	0.00328698345881406)
85610	2.46641618853343	0.00462627506590637	0.00582458918579665)
85710	2.47310646825763	0.00463107899130534	0.000865690538407904)
85810	2.47458135815122	0.00461017915047292	0.00234058043199292)
85910	2.46857498995477	0.00462884122074684	0.00366578776445792)
86010	2.4698065102216	0.00462448379992822	0.00243426749762499)
86110	2.46814062116825	0.00462535680017319	0.00410015655097817)
86210	2.47967123561393	0.00459660165391243	0.00743045789470598)
86310	2.46348680027754	0.00462252602896561	0.00875397744168227)
86410	2.48056066630603	0.0045925162548694	0.00831988858680388)
86510	2.47381651306077	0.00459476464737327	0.00157573534153999)
86610	2.47398530848512	0.00459586479442829	0.00174453076589076)
86710	2.46961630442328	0.00461066383914958	0.00262447329594417)
86810	2.4676315353353	0.00460483836560713	0.00460924238392302)
86910	2.47653081156811	0.00458903077204064	0.00429003384888604)
87010	2.47133133510916	0.00458694217144779	0.000909442610067313)
87110	2.46873396353396	0.00458924788691587	0.00350681418526522)
87210	2.47070899740445	0.00458957939002521	0.00153178031477363)
87310	2.46562617619586	0.00459953844980756	0.00661460152336746)
87410	2.47140444000975	0.00457327198466252	0.000836337709477331)
87510	2.46328701178837	0.00459333755314386	0.00895376593085384)
87610	2.46563193924586	0.00458632070261424	0.00660883847337113)
87710	2.46824585292561	0.00458106531430484	0.00399492479362129)
87810	2.47033133778551	0.00456783395854374	0.00190943993371961)
87910	2.47685296293823	0.00455816004990008	0.00461218521900397)
88010	2.47254628426834	0.00456302772383658	0.000305506549111989)
88110	2.47295200619031	0.00455184259957989	0.000711228471078851)
88210	2.47237745260753	0.00455998545436277	0.000136674888302046)
88310	2.46941446331306	0.0045478415913273	0.00282631440617065)
88410	2.47108165167366	0.00455568026042393	0.00115912604556279)
88510	2.48230208824074	0.00453503675576274	0.0100613105215137)
88610	2.46779630319292	0.0045560707592374	0.00444447452630392)
88710	2.47203991129901	0.00454433563648642	0.000200866420218215)
88810	2.46740880565578	0.00454636993384554	0.00483197206344999)
88910	2.47574312497813	0.00453690106728319	0.00350234725890042)
89010	2.46694509249492	0.00454764305796703	0.0052956852243069)
89110	2.47343158581448	0.00452727827291018	0.00119080809525629)
89210	2.46671330989773	0.00453282024993415	0.00552746782149605)
89310	2.46846278217127	0.00452915873077733	0.00377799554795777)
89410	2.47401373809112	0.00452087552667905	0.0017729603718899)
89510	2.47861074197606	0.00451183826436234	0.00636996425683067)
89610	2.4643317182932	0.00453455494261661	0.00790905942602338)
89710	2.47667811752698	0.00451450949261262	0.00443733980775818)
89810	2.46517154513887	0.0045343681491644	0.00706923258035808)
89910	2.47673237127208	0.00450867628940944	0.004491593552856)
90010	2.47847148969052	0.0045038080336038	0.00623071197129832)
90110	2.48209433840019	0.00449264401919952	0.00985356068096355)
90210	2.47044893019701	0.00451169450800944	0.00179184752221673)
90310	2.46761768946943	0.00450903767920416	0.00462308824979862)
90410	2.47995495808756	0.00448989008140683	0.00771418036833804)
90510	2.47852804818668	0.0044928468482772	0.00628727046744926)
90610	2.46639150854701	0.00451630272007309	0.00584926917221917)
90710	2.46652337768214	0.00449978862087844	0.00571740003708321)
90810	2.46709678704496	0.00449300891351797	0.00514399067427052)
90910	2.46554637844797	0.0045045138885029	0.00669439927125159)
91010	2.47500379818848	0.00447821739743574	0.00276302046925592)
91110	2.47739949136934	0.00446882882763907	0.00515871365011211)
91210	2.48051911226248	0.00447250348374547	0.00827833454325511)
91310	2.47830288564061	0.00447095257344727	0.00606210792138739)
91410	2.47630359237028	0.00446739158829462	0.00406281465105351)
91510	2.47436232609105	0.00447705742768126	0.00212154837181844)
91610	2.47179269522827	0.00447280637880186	0.000448082490954516)
91710	2.46850154623913	0.0044770761859347	0.00373923148009814)
91810	2.46480529182214	0.00448391107077204	0.00743548589708931)
91910	2.47552601534566	0.00445994194315193	0.00328523762643274)
92010	2.47023905547146	0.00447055264052895	0.0020017222477664)
92110	2.47281544593152	0.00445158784058818	0.000574668212296903)
92210	2.46842892324646	0.00446040669458836	0.00381185447276655)
92310	2.47093443092201	0.00445670133740193	0.0013063467972132)
92410	2.46944430790291	0.00446109571275981	0.00279646981631831)
92510	2.47042082446234	0.00444711853608746	0.00181995325688966)
92610	2.47239324903166	0.0044530310339139	0.00015247131242857)
92710	2.47376931601691	0.00443937470367782	0.00152853829768107)
92810	2.46530525251609	0.00445736824893673	0.00693552520313823)
92910	2.47914392510212	0.00442919083316395	0.00690314738289777)
93010	2.46803789986233	0.0044483154174376	0.00420287785689188)
93110	2.47533345598303	0.00443392875677894	0.00309267826380033)
93210	2.47281007050346	0.00443733082415667	0.000569292784230235)
93310	2.47859035703372	0.00441422696434934	0.00634957931449565)
93410	2.47448310565518	0.0044207928252248	0.00224232793595647)
93510	2.47620283172366	0.00442101744577979	0.00396205400443606)
93610	2.4760439212942	0.00441453713402051	0.00380314357497502)
93710	2.46786759160453	0.00443008258237401	0.00437318611469495)
93810	2.46941107277226	0.0044292349986383	0.00282970494696722)
93910	2.46548339822618	0.00442790209410716	0.006757379493048)
94010	2.47818852202271	0.0043964178024208	0.0059477443034841)
94110	2.47714725391389	0.00439950915965109	0.00490647619466555)
94210	2.46620171569192	0.0044175889092979	0.00603906202730231)
94310	2.47162788527493	0.00440748721093756	0.000612892444300517)
94410	2.47389871327095	0.00439882202545006	0.00165793555172433)
94510	2.47116696370334	0.00440567915161158	0.00107381401588746)
94610	2.47311733039061	0.00439172657529105	0.000876552671383202)
94710	2.46733264304729	0.00440537618775874	0.00490813467193973)
94810	2.47775068528702	0.00437897182875897	0.00550990756779468)
94910	2.47501592122791	0.00438823463753342	0.00277514350868424)
95010	2.4768078354724	0.00437589520469344	0.00456705775317223)
95110	2.47653072137267	0.0043780524862353	0.00428994365344693)
95210	2.47937937750847	0.00437219433414447	0.00713859978924303)
95310	2.4727808906756	0.00437978393655527	0.000540112956369132)
95410	2.47361496433663	0.00437310907470301	0.00137418661739863)
95510	2.47423693303403	0.00436765685378027	0.00199615531480646)
95610	2.48029360634592	0.00436896454828277	0.00805282862668966)
95710	2.46901022080898	0.00438427579658048	0.00323055691024976)
95810	2.47569426526837	0.00436536620091189	0.00345348754914543)
95910	2.47158728259881	0.00436759978068798	0.00065349512041335)
96010	2.47459790126351	0.00436929826766532	0.0023571235442863)
96110	2.47701972641959	0.00436253475008298	0.00477894870036222)
96210	2.47531478422272	0.00435725538718629	0.00307400650349532)
96310	2.4645568178809	0.00436745794748417	0.00768395983832448)
96410	2.46716531313332	0.00436219012700309	0.00507546458590236)
96510	2.46921438941852	0.00436243814303769	0.00302638830070734)
96610	2.46908943805429	0.00435667861246383	0.00315133966493297)
96710	2.47459455834209	0.00434837440149176	0.0023537806228684)
96810	2.4785865501748	0.00434311112244281	0.00634577245557244)
96910	2.47106976066873	0.00435570813474345	0.00117101705049372)
97010	2.48268493545212	0.00432677007981633	0.0104441577328984)
97110	2.46965346315269	0.00434633790898922	0.00258731456653871)
97210	2.47615863895631	0.00434012442466277	0.00391786123708648)
97310	2.47808086717361	0.00432684198320816	0.00584008945437864)
97410	2.48044796868667	0.00432475763429407	0.00820719096744016)
97510	2.46783069817573	0.00434075869045931	0.0044100795434967)
97610	2.47512796636274	0.00433218105426622	0.00288718864350956)
97710	2.47365089261243	0.00432322015018668	0.00141011489320686)
97810	2.46785313786253	0.00433189349347919	0.00438763985669688)
97910	2.46495317858158	0.00433070277044334	0.0072875991376451)
98010	2.48303829666037	0.00430777142368145	0.0107975189411404)
98110	2.47615112698996	0.00431584387814964	0.00391034927073219)
98210	2.47003946804576	0.00431638047387377	0.00220130967346632)
98310	2.46741052707214	0.00432480873560949	0.00483025064708453)
98410	2.47403106883372	0.00430847265115843	0.00179029111449625)
98510	2.47155257035611	0.00431853143214832	0.000688207363118476)
98610	2.47631733236023	0.00430567835899815	0.00407655464100687)
98710	2.47006077707552	0.00431105172282244	0.00218000064370916)
98810	2.46539154498503	0.0043209900803174	0.00684923273419535)
98910	2.47636821522329	0.0042956262773461	0.00412743750406142)
99010	2.46710018174013	0.00431545371389017	0.00514059597909222)
99110	2.47343906492295	0.00429867025419834	0.00119828720372217)
99210	2.47350042459381	0.00430702923053406	0.00125964687458335)
99310	2.47266260199633	0.00429173741747705	0.000421824277106797)
99410	2.47201577635518	0.00428817282610811	0.00022500136405057)
99510	2.48682170101456	0.00426627644141919	0.0145809232953322)
99610	2.47365850752063	0.00428749727010508	0.00141772980140331)
99710	2.47099698181745	0.00429311974091334	0.00124379590177259)
99810	2.47448704259704	0.00428133213821512	0.00224626487780899)
99910	2.47527172915136	0.00428036680013249	0.00303095143213383)
