nfev=18124
-1	0.348988577243443	0.209003016373802	-8.38972061026993	0
-0.97979797979798	0.351395197715598	0.024190630776315	-9.89185989330605	0.00708087009960086
-0.95959595959596	0.349768996313861	-0.189824864784686	-11.2688565336366	0.014170617244843
-0.939393939393939	0.343550369809373	-0.429803081367392	-12.4510403489023	0.0211820074648891
-0.919191919191919	0.332258958044271	-0.691165450186855	-13.3764865758437	0.0280172565357029
-0.898989898989899	0.315518747377163	-0.968203041410708	-13.9959655750255	0.0345698914974493
-0.878787878787879	0.293078030346776	-1.25437429117301	-14.2767986997082	0.0407270704191651
-0.858585858585858	0.264822665239309	-1.54266518735794	-14.2051144014819	0.0463722398403616
-0.838383838383838	0.230781725926711	-1.82597595511252	-13.7861803460157	0.0513879841204123
-0.818181818181818	0.191125409265752	-2.09749410359515	-13.0427296394704	0.0556589102551833
-0.797979797979798	0.146155876752153	-2.35101475178345	-12.011468957694	0.0590744172509981
-0.777777777777778	0.0962924403301531	-2.58117559445969	-10.7382129777788	0.0615312204422621
-0.757575757575757	0.0420530559484642	-2.78358501547921	-9.27229194984413	0.0629355355946641
-0.737373737373737	-0.0159656188037138	-2.95483624373167	-7.66099293875829	0.0632048707518946
-0.717171717171717	-0.077107360507591	-3.09241603987709	-5.9447985428446	0.062269419757951
-0.696969696969697	-0.140672788350015	-3.19453089291427	-4.15407539202926	0.0600730939347033
-0.676767676767676	-0.205931708785761	-3.25988489037364	-2.30765282676157	0.0565742616770038
-0.656565656565656	-0.272130821820345	-3.28744956692266	-0.41345112804121	0.0517462852401098
-0.636363636363636	-0.338497040250074	-3.27626615872428	1.52898828376585	0.045577947263734
-0.616161616161616	-0.404237439664306	-3.22531475483068	3.5245031396205	0.0380738465550133
-0.595959595959596	-0.468537449277981	-3.13347375215462	5.5774916430273	0.0292548157305283
-0.575757575757575	-0.530559223879306	-2.99957850272973	7.68704274037921	0.0191583769603124
-0.555555555555555	-0.589442158043171	-2.82257233310235	9.84278244187163	0.00783921211270071
-0.535353535353535	-0.644307215551404	-2.60172861954981	12.0220859452174	-0.00463041360340282
-0.515151515151515	-0.694266196874682	-2.3369114982544	14.1890916625364	-0.0181603640212143
-0.494949494949494	-0.738436341599741	-2.02883668816721	16.2956783787453	-0.03264258550496
-0.474747474747474	-0.775959871507356	-1.67929360878665	18.2842745146945	-0.0479514066623465
-0.454545454545454	-0.80602734134523	-1.29129537562499	20.0921040738275	-0.0639442737869809
-0.434343434343434	-0.827903084752035	-0.869133376861734	21.6562766683993	-0.0804629824495271
-0.414141414141414	-0.840950701809256	-0.418326316623078	22.9190264806017	-0.0973354271657925
-0.393939393939393	-0.844656473775954	0.0545322048361214	23.8324088017259	-0.114377848485601
-0.373737373737373	-0.838648808330892	0.542010439689867	24.3618677399783	-0.131397515884553
-0.353535353535353	-0.822712272975893	1.03613235267457	24.4882743959764	-0.148195750769608
-0.333333333333333	-0.796795390439623	1.52869560025728	24.2082695829592	-0.164571170798431
-0.313131313131312	-0.761012053430126	2.0115797855452	23.5329915144364	-0.18032302689762
-0.292929292929292	-0.715637067655021	2.47701507151516	22.4854895492272	-0.195254508198608
-0.272727272727272	-0.661096862674171	2.91778908829639	21.0972887489379	-0.209175906019171
-0.252525252525252	-0.597956753793684	3.3273804669372	19.4046556794444	-0.221907552845496
-0.232323232323232	-0.526906260161732	3.70001859237869	17.4451154911734	-0.23328248182916
-0.212121212121211	-0.448743884465917	4.0306795848102	15.2546891018433	-0.243148782068075
-0.191919191919191	-0.364362470719339	4.31503661280061	12.8661742729347	-0.251371650689971
-0.171717171717171	-0.274735836875898	4.54938737050167	10.308610962868	-0.257835161233479
-0.151515151515151	-0.180906902274502	4.73058243507352	7.60787910716217	-0.262443777111927
-0.131313131313131	-0.0839770736380963	4.85597537851311	4.78820489525997	-0.265123638683464
-0.11111111111111	0.0149037130492502	4.92340960232231	1.87422380286432	-0.265823643775476
-0.0909090909090902	0.114547122380309	4.93124896552836	-1.10681890798278	-0.264516326794668
-0.07070707070707	0.213737604739793	4.87845068246421	-4.12315073949325	-0.261198523975771
-0.0505050505050498	0.311245407136471	4.7646709912108	-7.1371970838167	-0.255891795343845
-0.0303030303030296	0.405841921428558	4.59038787643585	-10.1051981312604	-0.248642560803567
-0.0101010101010094	0.496317522578993	4.35702148231864	-12.97782629076	-0.23952190093337
0.0101010101010108	0.581501646334567	4.06703216009394	-15.7017643498016	-0.228624974028416
0.030303030303031	0.660284468242952	3.72397830035265	-18.2220697163845	-0.21607000998836
0.0505050505050512	0.731639228636187	3.33252073694516	-20.4850468606612	-0.201996857899523
0.0707070707070714	0.794644042831752	2.89836680367057	-22.4412906399216	-0.186565085750672
0.0909090909090916	0.848501966419599	2.42815412942547	-24.048552533771	-0.169951655110699
0.111111111111112	0.892558156542375	1.92928099767016	-25.2741177031183	-0.15234821795979
0.131313131313132	0.926313167181621	1.40969570803453	-26.0964547475202	-0.133958104481961
0.151515151515152	0.949431709892961	0.877661217246786	-26.5059991535371	-0.114993087227792
0.171717171717172	0.961746561254519	0.341513046122227	-26.5050405798128	-0.0956700170869453
0.191919191919193	0.963257660471118	-0.190572029957527	-26.106788300621	-0.0762074292747831
0.212121212121213	0.954126773035972	-0.710781402276016	-25.333775467611	-0.0568222132191959
0.232323232323233	0.934668364169516	-1.2118349524451	-24.2158221413027	-0.0377264298017736
0.252525252525253	0.90533750489507	-1.68710984552907	-22.7878045476183	-0.0191243444306666
0.272727272727273	0.866715712853289	-2.13072036536994	-21.0874735528078	-0.00120972682804857
0.292929292929294	0.819495610990104	-2.5375559870572	-19.1535327752969	0.0158365497750988
0.313131313131314	0.764465183134368	-2.90328461767222	-17.0241329470055	0.0318485942608208
0.333333333333334	0.702492237874569	-3.22433044321045	-14.735872749756	0.0466772664166374
0.353535353535354	0.634509487830847	-3.49783693509786	-12.3233264966062	0.0601916375784646
0.373737373737375	0.561500438621308	-3.72162531084299	-9.81905410909432	0.0722801578696565
0.393939393939395	0.484486086802833	-3.89415728182776	-7.25399566182489	0.0828515466872957
0.414141414141415	0.404512270371675	-4.01450854500581	-4.65811596833241	0.0918354214186162
0.434343434343435	0.32263741397871	-4.08235654227833	-2.06114654355145	0.0991826750860293
0.454545454545455	0.239920371251237	-4.09798290221858	0.506727188726232	0.104865607902642
0.474747474747476	0.157408088366097	-4.06228805434358	3.01436828613495	0.108877811827954
0.494949494949496	0.0761228893469628	-3.97681307279475	5.42948443821226	0.111233802328694
0.515151515151516	-0.00295069791291605	-3.84376209251652	7.718782242852	0.111968388657802
0.535353535353536	-0.0788795112552562	-3.66601778414362	9.84849972192685	0.111135773760114
0.555555555555556	-0.15079550298145	-3.44714241706939	11.7852930641894	0.108808377744663
0.575757575757577	-0.21790930798419	-3.19135793822712	13.4974137189942	0.105075384714532
0.595959595959597	-0.279523154173587	-2.90350012508947	14.9560797665341	0.100041021253525
0.616161616161617	-0.335042559548939	-2.58894405354972	16.1369234540936	0.0938225853752437
0.636363636363637	-0.383986229536486	-2.25350063269628	17.0213863937969	0.0865482563612964
0.656565656565658	-0.425993589515804	-1.90328655769991	17.5979355987339	0.0783547276348282
0.676767676767678	-0.460829460126616	-1.54457247939778	17.8629867072803	0.0693847155805574
0.696969696969698	-0.488385501659213	-1.18361626634047	17.8214438980267	0.0597844060418104
0.717171717171718	-0.50867820921479	-0.826489762459357	17.4867968372016	0.0497009062569574
0.737373737373738	-0.521843419888451	-0.478908294045328	16.8807506558383	0.0392797726231978
0.757575757575759	-0.528127482535009	-0.14607228808788	16.0324022291861	0.0286626835499023
0.777777777777779	-0.527875424623456	0.167470269700977	14.9770116975056	0.017985321742474
0.797979797979799	-0.521516614814532	0.457933121669771	13.7544492806918	0.00737552179741647
0.818181818181819	-0.50954855158921	0.722367229306601	12.4074216585209	-0.00304827247822153
0.83838383838384	-0.492519497678972	0.958699209770518	10.9795980809337	-0.0131782103247126
0.85858585858586	-0.471010720724473	1.16573197435623	9.51376367823869	-0.0229178802034452
0.87878787878788	-0.445619089498668	1.34310940964293	8.05012726577741	-0.0321827995633582
0.8989898989899	-0.416940712158437	1.49124946746345	6.624905822668	-0.0409005624656809
0.91919191919192	-0.385556190292465	1.61125243320429	5.2693015774513	-0.0490106721439912
0.939393939393941	-0.352017902407521	1.70479344534113	4.00898472680027	-0.0564640956287089
0.959595959595961	-0.316839523993557	1.77401065117091	2.86419904643614	-0.0632225839142188
0.979797979797981	-0.280487736672268	1.82140286367905	1.85061972480871	-0.0692578028436545
1	-0.243375771438491	1.84975334389785	0.981106498220813	-0.0745503159147697
