column1: t, column2: y0, column3: y1
0	1	-0.5	
0.1	0.950134153250265	-0.496373206348923	
0.2	0.900853195625169	-0.488513797940302	
0.3	0.852650975354308	-0.475321199337697	
0.4	0.805974473458738	-0.457306710621585	
0.5	0.761271392782718	-0.434899183628061	
0.6	0.718991590462642	-0.408341458815111	
0.7	0.679585171149321	-0.377855005120685	
0.8	0.643502239493565	-0.343661291482733	
0.9	0.611192010930293	-0.305982511063556	
1	0.582996105771668	-0.265128488172159	
1.1	0.559047178595572	-0.221579239840482	
1.2	0.539453875150841	-0.175834337157993	
1.3	0.524324841186315	-0.12839335121416	
1.4	0.513768722450828	-0.0797558530984514	
1.5	0.507894164693221	-0.0304214139003352	
1.6	0.506809813662328	0.0191103952907204	
1.7	0.510624315106988	0.0683400033852471	
1.8	0.519446314776038	0.116767839293777	
1.9	0.53338314991974	0.163894793859959	
2	0.552383829460821	0.209277651834693	
2.1	0.57608986515696	0.252581752251555	
2.2	0.604107439304317	0.293484906338301	
2.3	0.636042734199055	0.331664925322686	
2.4	0.671501932137335	0.366799620432465	
2.5	0.710091215415318	0.398566802895393	
2.6	0.751416766329166	0.426644283939227	
2.7	0.795084767175041	0.450709874791721	
2.8	0.840701400249105	0.470441386680631	
2.9	0.887872847847518	0.485516630833713	
3	0.936205292266443	0.495613418478721	
3.1	0.985303522062312	0.500422050207209	
3.2	1.03474167390909	0.499907499495038	
3.3	1.08406399295426	0.494302599118433	
3.4	1.13281348270686	0.483851308231076	
3.5	1.18053314667593	0.468797585986652	
3.6	1.2267659883705	0.449385391538845	
3.7	1.27105501129962	0.425858684041337	
3.8	1.31294321897232	0.398461422647812	
3.9	1.35197361489764	0.367437566511955	
4	1.38768920258461	0.333031074787449	
4.1	1.41963298554227	0.295485906627978	
4.2	1.44734796727966	0.255046021187224	
4.3	1.47038397194366	0.211958681789648	
4.4	1.4885188150403	0.166581599258086	
4.5	1.50180661466843	0.119406335673072	
4.6	1.51031808382618	0.0709324923018834	
4.7	1.5141239355117	0.021659670411796	
4.8	1.5132948827231	-0.0279125287299132	
4.9	1.50790163845851	-0.0772845038559677	
5	1.49801491571609	-0.125956653699091	
5.1	1.48370542749394	-0.173429376992006	
5.2	1.46504388679021	-0.219203072467436	
5.3	1.44210100660302	-0.262778138858106	
5.4	1.41494749993052	-0.303654974896738	
5.5	1.38365407977082	-0.341333979316055	
5.6	1.34833637713147	-0.37535634325324	
5.7	1.30938969641546	-0.405517243950739	
5.8	1.26731680192034	-0.431709448627499	
5.9	1.22262068083687	-0.453825926923485	
5.99999999999999	1.17580432035579	-0.471759648478659	
6.09999999999999	1.12737070766785	-0.485403582932987	
6.19999999999999	1.07782282996379	-0.49465069992643	
6.29999999999999	1.02766367443435	-0.499393969098953	
6.39999999999999	0.977396228270293	-0.499526360090519	
6.49999999999999	0.92752347866235	-0.494940842541093	
6.59999999999999	0.878548412801273	-0.485530386090636	
6.69999999999999	0.830974017877806	-0.471187960379114	
6.79999999999999	0.785299410252235	-0.45181690541706	
6.89999999999999	0.741929268563219	-0.427573570014835	
6.99999999999999	0.70117072747259	-0.398875633773947	
7.09999999999999	0.663326429356702	-0.366152811611218	
7.19999999999999	0.62869901659191	-0.32983481844347	
7.29999999999999	0.597591131554569	-0.290351369187523	
7.39999999999999	0.570305416621033	-0.248132178760201	
7.49999999999999	0.547144514167658	-0.203606962078324	
7.59999999999999	0.528411066570796	-0.157205434058715	
7.69999999999999	0.514407716206804	-0.109357309618195	
7.79999999999999	0.505437105452035	-0.0604923036735867	
7.89999999999999	0.501796676251505	-0.0110403701918382	
7.99999999999999	0.503561250759368	0.0385583036148289	
8.09999999999999	0.510504037891812	0.0878496661682743	
8.19999999999999	0.522376789299417	0.136378679556389	
8.29999999999999	0.538931256632763	0.183690305867065	
8.39999999999999	0.559919191542432	0.229329507188193	
8.49999999999999	0.585092345679003	0.272841245607663	
8.59999999999999	0.614202470693058	0.313770483213368	
8.69999999999999	0.647001318235177	0.351662182093198	
8.79999999999998	0.68324063995594	0.386061304335044	
8.89999999999998	0.722672187505929	0.416512812026799	
8.99999999999998	0.765047672776374	0.442561739948052	
9.09999999999998	0.810059634071081	0.463861309474696	
9.19999999999998	0.85722265936503	0.480390087144612	
9.29999999999998	0.906018022415215	0.492187547613801	
9.39999999999998	0.955926996978626	0.499293165538265	
9.49999999999998	1.00643085681226	0.501746415574006	
9.59999999999998	1.0570108756731	0.499586772377025	
9.69999999999998	1.10714832731814	0.492853710603324	
9.79999999999998	1.15632448550438	0.481586704908904	
9.89999999999998	1.20402062398881	0.465825229949768	
9.99999999999998	1.24971801652841	0.445608760381917	
10.1	1.29289793688019	0.420976770861353	
10.2	1.33304223016645	0.391969432566786	
10.3	1.36973899325044	0.358756442827841	
10.4	1.40280646427989	0.321788052633637	
10.5	1.43209297597442	0.281551199751517	
10.6	1.45744686105361	0.238532821948827	
10.7	1.47871645223707	0.193219856992912	
10.8	1.49575008224439	0.146099242651117	
10.9	1.50839608379518	0.0976579166907867	
11	1.51650278960903	0.0483828168792665	
11.1	1.51991853240553	-0.00123911901609891	
11.2	1.5184916449043	-0.0507209532279645	
11.3	1.51207045982492	-0.0995757479889852	
11.4	1.500503309887	-0.147316565531816	
11.5	1.48367764998541	-0.193469008257774	
11.6	1.4618252682943	-0.237669050687527	
11.7	1.43535688271595	-0.279610021232554	
11.8	1.40468473939647	-0.318985738165543	
11.9	1.37022108448202	-0.355490019759183	
12	1.33237816411872	-0.388816684286162	
12.1	1.29156822445272	-0.418659550019168	
12.2	1.24820351163016	-0.444712435230889	
12.3	1.20269627179717	-0.466669158194014	
12.4	1.15545875109989	-0.484223537181232	
12.5	1.10690319568446	-0.497069390465229	
12.6	1.05744185169701	-0.504900536318696	
12.7	1.00748713713142	-0.507412842172708	
12.8	0.957467439267722	-0.504492597505479	
12.9	0.907839854436784	-0.496368426209662	
13	0.859064476932665	-0.483304700694323	
13.1	0.811601401049424	-0.465565793368526	
13.2	0.765910721081122	-0.443416076641337	
13.3	0.722452531321819	-0.417119922921821	
13.4	0.681686926065574	-0.386941704619044	
13.5	0.644073999606448	-0.35314579414207	
13.6	0.6100738462385	-0.315996563899966	
13.7	0.58014656025579	-0.275758386301796	
13.8	0.554752068323086	-0.232695718721075	
13.9	0.534231873573646	-0.187133042587913	
14	0.518601451635572	-0.139560089373289	
14.1	0.507820656657888	-0.0904947828066419	
14.2	0.501849342789617	-0.0404550466174093	
14.3	0.500647364179783	0.0100411954649696	
14.4	0.50417457497741	0.0604760197110563	
14.5	0.512390829331523	0.110331502391412	
14.6	0.525255981391143	0.159089719776599	
14.7	0.542729885305297	0.206232748137177	
14.8	0.564772395223007	0.251242663743708	
14.9	0.591343365293297	0.293601542866755	
15	0.622380095459867	0.332808120275845	
15.1	0.657558522644587	0.368554173038683	
15.2	0.69638635556417	0.400655731298692	
15.3	0.738368516740102	0.428930883078506	
15.4	0.783009928693873	0.453197716400759	
15.5	0.82981551394697	0.473274319288087	
15.6	0.878290195020882	0.488978779763122	
15.7	0.927938894437097	0.5001291858485	
15.8	0.978266534717104	0.506543625566855	
15.9	1.02877803838239	0.508040186940821	
16	1.07897832795444	0.504436957993032	
16.1	1.12837248660495	0.495552669753355	
16.2	1.17650414872488	0.481360355661385	
16.3	1.22300528053553	0.462186599953093	
16.4	1.26752016799356	0.438407296974176	
16.5	1.30969309705563	0.410398341070334	
16.6	1.3491683536784	0.378535626587267	
16.7	1.38559022381853	0.343195047870674	
16.8	1.41860299343268	0.304752499266253	
16.9	1.4478509484775	0.263583875119704	
17	1.47297837490966	0.220065069776725	
17.1	1.49362955868581	0.174571977583017	
17.2	1.50944878576262	0.127480492884278	
17.3	1.52008034209673	0.079166510026207	
17.4	1.52523201175934	0.030014518800614	
17.5	1.52499442364941	-0.019539167066844	
17.6	1.51960098596315	-0.0690389064773365	
17.7	1.50928535043621	-0.118029025365226	
17.8	1.49428116880423	-0.166053849664874	
17.9	1.47482209280286	-0.212657705310642	
18	1.45114177416775	-0.257384918236894	
18.1	1.42347386463454	-0.29977981437799	
18.2	1.39205201593887	-0.339386719668294	
18.3	1.35710987981639	-0.375749960042166	
18.4	1.31888110800276	-0.40841386143397	
18.5	1.2775993522336	-0.436922749778067	
18.6	1.23350047053942	-0.460824647564911	
18.7	1.186934109003	-0.479858224477631	
18.8	1.1384163535318	-0.49404101326703	
18.9	1.08847650644005	-0.503412690228802	
19	1.03764387004198	-0.508012931658639	
19.1	0.986447746651818	-0.507881413852235	
19.2	0.935417438583778	-0.503057813105284	
19.3	0.885082248152089	-0.493581805713479	
19.4	0.835971477670976	-0.479493067972514	
19.5	0.788614429454662	-0.460831276178081	
19.6	0.743540405817372	-0.437636106625875	
19.7	0.70127870907333	-0.409947235611589	
19.8	0.66231670738214	-0.377860347432805	
19.9	0.626919561404029	-0.341767910670876	
20	0.595279108988419	-0.302160325155874	
20.1	0.567587142341439	-0.259528051679866	
20.2	0.544035453669218	-0.21436155103492	
20.3	0.524815835177882	-0.167151284013101	
20.4	0.510120079073562	-0.118387711406478	
20.5	0.500139977562384	-0.0685612940071166	
20.6	0.495067322850477	-0.0181624926070847	
20.7	0.49509390714397	0.0323182320015508	
20.8	0.500411522648991	0.0823904190267229	
20.9	0.511164884739954	0.131572184328195	
21	0.527153266813166	0.179444577813461	
21.1	0.54802208130797	0.225616680415256	
21.2	0.573416035391671	0.269697701555696	
21.3	0.602979836231573	0.311296850656892	
21.4	0.636358190994983	0.350023337140959	
21.5	0.673195806849206	0.385486370430009	
21.6	0.713137390961548	0.417295159946155	
21.7	0.755827650499313	0.445058915111512	
21.8	0.800911292629807	0.468386845348191	
21.9	0.848033024520335	0.486888160078307	
22	0.896833642057542	0.500187035189797	
22.1	0.946880458120057	0.508188828368384	
22.2	0.997675435229168	0.511048959612959	
22.3	1.04871825817345	0.508931564637777	
22.4	1.09950861174146	0.502000779157088	
22.5	1.14954618072177	0.490420738885147	
22.6000000000001	1.19833064990295	0.474355579536203	
22.7000000000001	1.24536170407357	0.453969436824511	
22.8000000000001	1.29013902802219	0.429426446464323	
22.9000000000001	1.33216230653739	0.400890744169891	
23.0000000000001	1.37093122440773	0.368526465655466	
23.1000000000001	1.40594546642178	0.332497746635303	
23.2000000000001	1.43671524792729	0.292976519487508	
23.3000000000001	1.46298176555446	0.250305731574573	
23.4000000000001	1.48471112983304	0.204994853046574	
23.5000000000001	1.50187876810591	0.157560252078512	
23.6000000000001	1.51446010771591	0.108518296845388	
23.7000000000001	1.52243057600589	0.0583853555222016	
23.8000000000001	1.52576560031873	0.00767779628395474	
23.9000000000001	1.52444060799726	-0.0430880126943521	
24.0000000000001	1.51843102638435	-0.0933957032377181	
24.1000000000001	1.50771228282285	-0.142728907171143	
24.2000000000001	1.49225980465561	-0.190571256319625	
24.3000000000001	1.4720490192255	-0.236406382508164	
24.4000000000001	1.44705535670435	-0.279717919314569	
24.5000000000001	1.41734744322108	-0.320047243792405	
24.6000000000001	1.38333240311089	-0.357145463798718	
24.7000000000001	1.34549418906345	-0.390811289429567	
24.8000000000001	1.30431675376845	-0.420843430781012	
24.9000000000001	1.26028404991557	-0.447040597949112	
25.0000000000001	1.21388003019449	-0.469201501029928	
25.1000000000001	1.1655886472949	-0.487124850119518	
25.2000000000001	1.11589385390647	-0.500609355313942	
25.3000000000001	1.06527960271889	-0.50945372670926	
25.4000000000001	1.01422984642184	-0.513456674401531	
25.5000000000001	0.963228537705005	-0.512416908486814	
25.6000000000001	0.912759629258062	-0.506133139061169	
25.7000000000001	0.863302745816315	-0.494430191665206	
25.8000000000001	0.815283816016999	-0.477456901140052	
25.9000000000001	0.769092448405505	-0.455581262526138	
26.0000000000001	0.725117566162285	-0.429175406445845	
26.1000000000001	0.683748092467792	-0.398611463521553	
26.2000000000001	0.645372950502478	-0.364261564375642	
26.3000000000001	0.610381063446797	-0.326497839630494	
26.4000000000001	0.5791613544812	-0.285692419908488	
26.5000000000001	0.552102746786141	-0.242217435832006	
26.6000000000001	0.529594163542073	-0.196445018023427	
26.7000000000001	0.512024527929447	-0.148747297105133	
26.8000000000001	0.499760793399305	-0.0995017477995321	
26.9000000000001	0.492868760020391	-0.0491590998868912	
27.0000000000001	0.491195741514241	0.00177677041304746	
27.1000000000001	0.494584150829903	0.0528007947758093	
27.2000000000001	0.502876400916425	0.10340790487692	
27.3000000000001	0.515914904722857	0.153093032391905	
27.4000000000001	0.533542075198247	0.20135110899629	
27.5000000000001	0.555600325291643	0.2476770663656	
27.6000000000001	0.581932067952095	0.291565836175361	
27.7000000000001	0.612379716128651	0.332512350101098	
27.8000000000001	0.64678568277036	0.370011539818338	
27.9000000000001	0.684990024568552	0.403561106096112	
28.0000000000001	0.72669441314899	0.432821380974065	
28.1000000000001	0.771387725319876	0.457702774716803	
28.2000000000001	0.818540730452425	0.478136977598255	
28.3000000000001	0.867624197917851	0.494055679892346	
28.4000000000001	0.918108897087367	0.505390571873004	
28.5000000000001	0.969465597332187	0.512073343814157	
28.6000000000001	1.02116506802353	0.514035685989731	
28.7000000000001	1.0726780785326	0.511209288673654	
28.8000000000001	1.12347539823062	0.503525842139854	
28.9000000000001	1.1730277964888	0.490917036662256	
29.0000000000001	1.22080604267835	0.47331456251479	
29.1000000000001	1.26629497743056	0.450677560953819	
29.2000000000001	1.30913470288857	0.423268065870341	
29.3000000000001	1.34906167712683	0.39153608756722	
29.4000000000001	1.38581380122624	0.355934451443074	
29.5000000000001	1.41912897626769	0.316915982896521	
29.6000000000002	1.44874510333208	0.274933507326178	
29.7000000000002	1.4744000835003	0.230439850130662	
29.8000000000002	1.49583181785325	0.18388783670859	
29.9000000000002	1.51277820747183	0.135730292458581	
30.0000000000002	1.52497715343692	0.0864200427792511	
30.1000000000002	1.53216655682944	0.036409913069218	
30.2000000000002	1.53408431873026	-0.0138472712729009	
30.3000000000002	1.53047146885522	-0.0638989745476973	
30.4000000000002	1.52128427680654	-0.113312591417179	
30.5000000000002	1.50682950203479	-0.161687970515841	
30.6000000000002	1.48744611513743	-0.208627943102863	
30.7000000000002	1.46347308671189	-0.253735340437424	
30.8000000000002	1.43524938735562	-0.296612993778704	
30.9000000000002	1.40311398766608	-0.336863734385884	
31.0000000000002	1.36740585824069	-0.374090393518142	
31.1000000000002	1.3284639696769	-0.407895802434659	
31.2000000000002	1.28662729257217	-0.437882792394615	
31.3000000000002	1.24223479752393	-0.463654194657189	
31.4000000000002	1.19562545512963	-0.484812840481561	
31.5000000000002	1.14713823598671	-0.500961561126911	
31.6000000000002	1.09713082692238	-0.51176069140793	
31.7000000000002	1.04607782919451	-0.517229772856412	
31.8000000000002	0.99449890210924	-0.517526782897165	
31.9000000000002	0.942913800220406	-0.512809991592976	
32.0000000000002	0.891842278081836	-0.503237669006633	
32.1000000000002	0.841804090247358	-0.488968085200922	
32.2000000000002	0.7933189912708	-0.470159510238629	
32.3000000000002	0.74690673570599	-0.446970214182542	
32.4000000000002	0.703087078106757	-0.419558467095447	
32.5000000000002	0.662379773026928	-0.388082539040132	
32.6000000000002	0.625304575020333	-0.352700700079382	
32.7000000000002	0.592363474811329	-0.313585796574438	
32.8000000000002	0.563813044751497	-0.271112055532191	
32.9000000000002	0.539730843436079	-0.225800595593697	
33.0000000000002	0.52019036235868	-0.178175872703344	
33.1000000000002	0.505265093012904	-0.128762342805521	
33.2000000000002	0.495028526892354	-0.0780844618446174	
33.3000000000002	0.489554155490636	-0.0266666857650227	
33.4000000000002	0.488915470301354	0.024966529488874	
33.5000000000002	0.493185962818112	0.0762907279726838	
33.6000000000002	0.502439124534514	0.126781453742017	
33.7000000000002	0.516748446944164	0.175914250852485	
33.8000000000002	0.536187393307414	0.223164675620676	
33.9000000000002	0.560722311456602	0.268054801844671	
34.0000000000002	0.589970323906589	0.310258362915797	
34.1000000000002	0.623477500842554	0.349479948428752	
34.2000000000002	0.66078991244968	0.385424147978233	
34.3000000000002	0.701453628913149	0.417795551158939	
34.4000000000002	0.745014720418141	0.446298747565565	
34.5000000000002	0.791019257149839	0.47063832679281	
34.6000000000002	0.839013309293423	0.490518878435372	
34.7000000000002	0.888542947034076	0.505644992087947	
34.8000000000002	0.939154240556979	0.515721257345233	
34.9000000000002	0.990393260047314	0.520452263801928	
35.0000000000002	1.04180688437964	0.519603323705832	
35.1000000000002	1.09294702146032	0.513317367907277	
35.2000000000002	1.14336750935104	0.501882258247299	
35.3000000000002	1.19262219008872	0.485586155057779	
35.4000000000002	1.24026490571029	0.464717218670599	
35.5000000000002	1.28584949825266	0.439563609417641	
35.6000000000002	1.32892980975276	0.410413487630786	
35.7000000000002	1.36905968224751	0.377555013641916	
35.8000000000002	1.40579295777382	0.341276347782912	
35.9000000000002	1.43868347836862	0.301865650385656	
36.0000000000002	1.46728508606883	0.25961108178203	
36.1000000000002	1.49115162291138	0.214800802303915	
36.2000000000002	1.50986457844214	0.167733891692653	
36.3000000000002	1.52332687088135	0.118836378244392	
36.4000000000002	1.5316488043157	0.0686161974967157	
36.5000000000002	1.5349441398259	0.0175826503302205	
36.6000000000003	1.53332663849266	-0.0337549623744989	
36.7000000000003	1.52691006139667	-0.0848873397368475	
36.8000000000003	1.51580816961865	-0.13530518087623	
36.9000000000003	1.50013472423929	-0.184499184912052	
37.0000000000003	1.48000348633931	-0.231960050963718	
37.1000000000003	1.4555282169994	-0.277178478150633	
37.2000000000003	1.42682267730028	-0.319645165592203	
37.3000000000003	1.39400062832264	-0.358850812407831	
37.4000000000003	1.35717641727502	-0.394286703054258	
37.5000000000003	1.31658359428019	-0.425563164136872	
37.6000000000003	1.27271922572758	-0.452553683130814	
37.7000000000003	1.22611565818916	-0.475166980112373	
37.8000000000003	1.17730523823689	-0.49331177515784	
37.9000000000003	1.12682031244274	-0.506896788343505	
38.0000000000003	1.07519322737867	-0.515830739745657	
38.1000000000003	1.02295632961665	-0.520022349440586	
38.2000000000003	0.97064196572864	-0.519380337504582	
38.3000000000003	0.918782482286603	-0.513813424013935	
38.4000000000003	0.867910225862504	-0.503230329044935	
38.5000000000003	0.81855754302831	-0.487539772673872	
38.6000000000003	0.771248969686589	-0.46666954598631	
38.7000000000003	0.72639209986706	-0.440832972514407	
38.8000000000003	0.684304469128153	-0.410463268075404	
38.9000000000003	0.645301294309002	-0.37599931001374	
39.0000000000003	0.60969779224874	-0.337879975673852	
39.1000000000003	0.577809179786502	-0.296544142400179	
39.2000000000003	0.54995067376142	-0.252430687537159	
39.3000000000003	0.526437491012629	-0.205978488429231	
39.4000000000003	0.507584848379262	-0.157626422420834	
39.5000000000003	0.493707962700454	-0.107813366856404	
39.6000000000003	0.485122050815337	-0.0569781990803818	
39.7000000000003	0.482114546139659	-0.00556177266867487	
39.8000000000003	0.484650321691039	0.0459721151215712	
39.9000000000003	0.492486347163272	0.0971448788954929	
40.0000000000003	0.505376136176312	0.147477687428122	
40.1000000000003	0.523073202350112	0.196491709494489	
40.2000000000003	0.545331059304626	0.243708113869627	
40.3000000000003	0.571903220659807	0.288648069328566	
40.4000000000003	0.602543200035609	0.330832744646338	
40.5000000000003	0.637004511051985	0.369783308597974	
40.6000000000003	0.675040667328889	0.405020929958507	
40.7000000000003	0.716405182486274	0.436066777502967	
40.8000000000003	0.760846413245996	0.462450871926113	
40.9000000000003	0.807977182836203	0.483935879901726	
41.0000000000003	0.8572646529732	0.50053449903027	
41.1000000000003	0.908168799573122	0.51227176148332	
41.2000000000003	0.9601495985521	0.519172699432453	
41.3000000000003	1.01266702582627	0.521262345049245	
41.4000000000003	1.06518105731176	0.518565730505272	
41.5000000000003	1.1171516689247	0.51110788797211	
41.6000000000003	1.16803883658124	0.498913849621336	
41.7000000000003	1.21730253619749	0.482008647624525	
41.8000000000003	1.2644027436896	0.460417314153254	
41.9000000000003	1.3087994349737	0.4341648813791	
42.0000000000003	1.34997280681192	0.403302804064357	
42.1000000000003	1.38761601333765	0.36816080848669	
42.2000000000003	1.42154978205667	0.329235321120413	
42.3000000000003	1.45159656611967	0.287025023340989	
42.4000000000003	1.47757881867734	0.24202859652388	
42.5000000000003	1.49931899288037	0.194744722044552	
42.6000000000003	1.51663954187946	0.145672081278466	
42.7000000000003	1.52936291882528	0.0953093556010883	
42.8000000000003	1.53731157686853	0.044155226387881	
42.9000000000003	1.54030796915989	-0.007291624985692	
43.0000000000003	1.53817454885007	-0.0585325171441669	
43.1000000000003	1.53073376908974	-0.10906876871208	
43.2000000000003	1.51781106316659	-0.15840251405833	
43.3000000000003	1.4994416689511	-0.206093316759306	
43.4000000000003	1.47600521977856	-0.251795010775495	
43.5000000000003	1.44791333773234	-0.295170186255766	
43.6000000000003	1.4155776448958	-0.335881433348989	
43.7000000000004	1.3794097633523	-0.373591342204037	
43.8000000000004	1.33982131518521	-0.407962502969778	
43.9000000000004	1.29722392247789	-0.438657505795083	
44.0000000000004	1.25202920731372	-0.465338940828823	
44.1000000000004	1.20464879177605	-0.487669398219868	
44.2000000000004	1.15549429794825	-0.505311468117088	
44.3000000000004	1.1049773479137	-0.517927740669354	
44.4000000000004	1.05350956375574	-0.525180806025537	
44.5000000000004	1.00151281381217	-0.526806139794026	
44.6000000000004	0.949463330191341	-0.522925927519966	
44.7000000000004	0.897855305705959	-0.5137901159905	
44.8000000000004	0.847182944487788	-0.499648732509446	
44.9000000000004	0.797940450668591	-0.48075180438062	
45.0000000000004	0.75062202838013	-0.45734935890784	
45.1000000000004	0.705721881754167	-0.429691423394924	
45.2000000000004	0.663734214922465	-0.398028025145688	
45.3000000000004	0.625153232016787	-0.36260919146395	
45.4000000000004	0.590473137168894	-0.323684949653527	
45.5000000000004	0.56018813451055	-0.281505327018237	
45.6000000000004	0.534743641454991	-0.23634727860454	
45.7000000000004	0.514258206271872	-0.188668174302168	
45.8000000000004	0.498716092499306	-0.138999502219936	
45.9000000000004	0.488101152089027	-0.0878729776410265	
46.0000000000004	0.482397236992767	-0.035820315848625	
46.1000000000004	0.481588199162259	0.0166267678740842	
46.2000000000004	0.485657890549237	0.0689365582439165	
46.3000000000004	0.494590163105434	0.120577339977688	
46.4000000000004	0.508368868782583	0.171017397792213	
46.5000000000004	0.526977859532418	0.219725016404308	
46.6000000000004	0.550400987306671	0.266168480530788	
46.7000000000004	0.578615999671467	0.309819824757408	
46.8000000000004	0.61140214669792	0.350273018888115	
46.9000000000004	0.648301266746802	0.387267872596021	
47.0000000000004	0.68884123267791	0.420552774435338	
47.1000000000004	0.732549917351042	0.449876112960278	
47.2000000000004	0.778955193625994	0.474986276725054	
47.3000000000004	0.827584934362564	0.495631654283877	
47.4000000000004	0.877967012420547	0.511560634190962	
47.5000000000004	0.929629300659742	0.52252160500052	
47.6000000000004	0.982099671939946	0.528262955266763	
47.7000000000004	1.03490599912095	0.528533073543904	
47.8000000000004	1.08757614980775	0.523080520384964	
47.9000000000004	1.13963309422654	0.511814155766243	
48.0000000000004	1.19058582801247	0.495100251472548	
48.1000000000004	1.23994087046144	0.473386134026537	
48.2000000000004	1.28720474086935	0.447119129950867	
48.3000000000004	1.33188395853209	0.416746565768197	
48.4000000000004	1.37348504274557	0.382715768001185	
48.5000000000004	1.41151451280569	0.345474063172489	
48.6000000000004	1.44547888800833	0.305468777804766	
48.7000000000004	1.47488468764941	0.263147238420675	
48.8000000000004	1.49923843102482	0.218956771542874	
48.9000000000004	1.51804663743046	0.173344703694021	
49.0000000000004	1.53081582616223	0.126758361396773	
49.1000000000004	1.53718944300207	0.0795979497846686	
49.2000000000004	1.53757090734727	0.0320021394007849	
49.3000000000004	1.53262579486957	-0.0159806167305267	
49.4000000000004	1.52301992767183	-0.0643019503908377	
49.5000000000004	1.50941912785691	-0.11291349336172	
49.6000000000004	1.49248921752767	-0.161766877424744	
49.7000000000004	1.47289601878699	-0.210813734361482	
49.8000000000004	1.45130535373771	-0.260005695953505	
49.9000000000004	1.42838304448272	-0.309294393982386	
50	1.40479491312497	-0.358631460229477	
